1.000000000000000000e+00
1.000000000000000000e+00
1.000000000000000000e+00
1.000000000000000000e+00
1.000000000000000000e+00
1.000000000000000000e+00
1.000000000000000000e+00
1.000000000000000000e+00
1.000000000000000000e+00
1.000000000000000000e+00
1.000000000000000000e+00
1.000000000000000000e+00
1.000000000000000000e+00
1.000000000000000000e+00
1.000000000000000000e+00
1.000000000000000000e+00
1.000000000000000000e+00
1.000000000000000000e+00
1.000000000000000000e+00
1.000000000000000000e+00
1.000000000000000000e+00
1.000000000000000000e+00
1.000000000000000000e+00
1.000000000000000000e+00
1.000000000000000000e+00
1.000000000000000000e+00
1.000000000000000000e+00
1.000000000000000000e+00
1.000000000000000000e+00
1.000000000000000000e+00
1.000000000000000000e+00
1.000000000000000000e+00
1.000000000000000000e+00
1.000000000000000000e+00
1.000000000000000000e+00
1.000000000000000000e+00
1.000000000000000000e+00
1.000000000000000000e+00
1.000000000000000000e+00
1.000000000000000000e+00
1.000000000000000000e+00
1.000000000000000000e+00
1.000000000000000000e+00
1.000000000000000000e+00
1.000000000000000000e+00
1.000000000000000000e+00
1.000000000000000000e+00
1.000000000000000000e+00
1.000000000000000000e+00
1.000000000000000000e+00
1.000000000000000000e+00
1.000000000000000000e+00
1.000000000000000000e+00
1.000000000000000000e+00
1.000000000000000000e+00
1.000000000000000000e+00
1.000000000000000000e+00
1.000000000000000000e+00
1.000000000000000000e+00
1.000000000000000000e+00
1.000000000000000000e+00
1.000000000000000000e+00
1.000000000000000000e+00
1.000000000000000000e+00
1.000000000000000000e+00
1.000000000000000000e+00
1.000000000000000000e+00
1.000000000000000000e+00
1.000000000000000000e+00
1.000000000000000000e+00
1.000000000000000000e+00
1.000000000000000000e+00
1.000000000000000000e+00
1.000000000000000000e+00
1.000000000000000000e+00
1.000000000000000000e+00
1.000000000000000444e+00
1.000000000000000888e+00
9.999999999999973355e-01
9.999999999999894529e-01
1.000000000000001332e+00
1.000000000000049960e+00
1.000000000000035971e+00
9.999999999997879474e-01
9.999999999996067590e-01
1.000000000000588418e+00
1.000000000002443157e+00
1.000000000000016875e+00
9.999999999891791003e-01
9.999999999873734335e-01
1.000000000030433878e+00
1.000000000088355101e+00
9.999999999860965660e-01
9.999999996402123559e-01
9.999999995558195298e-01
1.000000000661802169e+00
1.000000002229472162e+00
1.000000000333951311e+00
9.999999909579492252e-01
9.999999800051244669e-01
9.999999808791398825e-01
9.999999785604658520e-01
9.999889381662083743e-01
9.999086913708978841e-01
9.997859741940950951e-01
9.997261615510110166e-01
9.997208540618963690e-01
9.988602195708468079e-01
9.856910700285386184e-01
9.517872149699838635e-01
9.022451365048644867e-01
8.477208375079183789e-01
7.966239129498895455e-01
7.522797013652343656e-01
7.146949727477466263e-01
6.828758885775861875e-01
6.562479823514928423e-01
6.351590206900489255e-01
6.209455121976430458e-01
6.147135798899282522e-01
6.152399762281829387e-01
6.230911998226581483e-01
6.318135213694195951e-01
6.348600910134295505e-01
6.349770984362987924e-01
6.355801757106830374e-01
6.361451691310632262e-01
6.348392718656977740e-01
6.317130733459590530e-01
6.288547203135620434e-01
6.308927172340693668e-01
6.803042631906763837e-01
7.465778473198082521e-01
7.263992743093712345e-01
6.960085958615828128e-01
7.005685477514315140e-01
6.810716355911593523e-01
5.809795250844661529e-01
4.260038850446657421e-01
2.972044676432567534e-01
2.396672051739677511e-01
2.297517665126461162e-01
2.063029673020780053e-01
1.588629076546914376e-01
1.268223611122421823e-01
1.227315052519741267e-01
1.231257593679482565e-01
1.235883744388888567e-01
1.227918095443613911e-01
1.215036543168367400e-01
1.204138523299996683e-01
1.200524624907776533e-01
1.210507748608620759e-01
1.238288138791738546e-01
1.275041934076002470e-01
1.302111816654217269e-01
1.306642688293431220e-01
1.291557635326898434e-01
1.269401322485847750e-01
1.253893122751564559e-01
1.250120101487901814e-01
1.250117896209887725e-01
1.250111627861570096e-01
1.250071048625254477e-01
1.250021946012660201e-01
1.250000830249837491e-01
1.250000249542679576e-01
1.250000256033593493e-01
1.250000158719812016e-01
1.250000038807807801e-01
1.249999981314340869e-01
1.249999984874309855e-01
1.250000000507998921e-01
1.250000004763165973e-01
1.250000001626788704e-01
1.249999999357091218e-01
1.249999999413378277e-01
1.249999999987121135e-01
1.250000000133489053e-01
1.250000000037922443e-01
1.249999999979999610e-01
1.249999999987150556e-01
1.250000000001350309e-01
1.250000000002928768e-01
1.250000000000320577e-01
1.249999999999479028e-01
1.249999999999840961e-01
1.250000000000070499e-01
1.250000000000041078e-01
1.249999999999992506e-01
1.249999999999990563e-01
1.249999999999999722e-01
1.250000000000001388e-01
1.250000000000000278e-01
1.250000000000000000e-01
1.250000000000000000e-01
1.250000000000000000e-01
1.250000000000000000e-01
1.250000000000000000e-01
1.250000000000000000e-01
1.250000000000000000e-01
1.250000000000000000e-01
1.250000000000000000e-01
1.250000000000000000e-01
1.250000000000000000e-01
1.250000000000000000e-01
1.250000000000000000e-01
1.250000000000000000e-01
1.250000000000000000e-01
1.250000000000000000e-01
1.250000000000000000e-01
1.250000000000000000e-01
1.250000000000000000e-01
1.250000000000000000e-01
1.250000000000000000e-01
1.250000000000000000e-01
1.250000000000000000e-01
1.250000000000000000e-01
1.250000000000000000e-01
1.250000000000000000e-01
1.250000000000000000e-01
1.250000000000000000e-01
1.250000000000000000e-01
1.250000000000000000e-01
1.250000000000000000e-01
1.250000000000000000e-01
1.250000000000000000e-01
1.250000000000000000e-01
1.250000000000000000e-01
1.250000000000000000e-01
1.250000000000000000e-01
1.250000000000000000e-01
1.250000000000000000e-01
1.250000000000000000e-01
1.250000000000000000e-01
1.250000000000000000e-01
1.250000000000000000e-01
1.250000000000000000e-01
1.250000000000000000e-01
1.250000000000000000e-01
1.250000000000000000e-01
1.250000000000000000e-01
1.250000000000000000e-01
1.250000000000000000e-01
1.250000000000000000e-01
1.250000000000000000e-01
1.250000000000000000e-01
1.250000000000000000e-01
1.250000000000000000e-01
1.250000000000000000e-01
1.250000000000000000e-01
1.250000000000000000e-01
1.250000000000000000e-01
1.250000000000000000e-01
1.250000000000000000e-01
1.250000000000000000e-01
1.250000000000000000e-01
1.250000000000000000e-01
1.250000000000000000e-01
1.250000000000000000e-01
1.250000000000000000e-01
1.250000000000000000e-01
1.250000000000000000e-01
1.250000000000000000e-01
