1.000000000000000000e+00
1.000000000000000000e+00
1.000000000000000000e+00
1.000000000000000000e+00
1.000000000000000000e+00
1.000000000000000000e+00
1.000000000000000000e+00
1.000000000000000000e+00
1.000000000000000000e+00
1.000000000000000000e+00
1.000000000000000000e+00
1.000000000000000000e+00
1.000000000000000000e+00
1.000000000000000000e+00
1.000000000000000000e+00
1.000000000000000000e+00
1.000000000000000000e+00
1.000000000000000000e+00
1.000000000000000000e+00
1.000000000000000000e+00
1.000000000000000000e+00
1.000000000000000000e+00
1.000000000000000000e+00
1.000000000000000000e+00
1.000000000000000000e+00
1.000000000000000000e+00
1.000000000000000000e+00
1.000000000000000000e+00
1.000000000000000000e+00
1.000000000000000000e+00
1.000000000000000000e+00
1.000000000000000000e+00
1.000000000000000000e+00
1.000000000000000000e+00
1.000000000000000000e+00
1.000000000000000000e+00
1.000000000000000000e+00
1.000000000000000000e+00
1.000000000000000000e+00
1.000000000000000000e+00
1.000000000000000000e+00
1.000000000000000000e+00
1.000000000000000000e+00
1.000000000000000000e+00
1.000000000000000000e+00
1.000000000000000000e+00
1.000000000000000000e+00
1.000000000000000000e+00
1.000000000000000000e+00
1.000000000000000000e+00
1.000000000000000000e+00
1.000000000000000000e+00
1.000000000000000000e+00
1.000000000000000000e+00
1.000000000000000000e+00
1.000000000000000000e+00
1.000000000000000000e+00
1.000000000000000000e+00
1.000000000000000000e+00
1.000000000000000000e+00
1.000000000000000000e+00
1.000000000000000000e+00
1.000000000000000000e+00
1.000000000000000000e+00
1.000000000000000000e+00
1.000000000000000000e+00
1.000000000000000000e+00
1.000000000000000000e+00
1.000000000000000000e+00
1.000000000000000000e+00
1.000000000000000000e+00
1.000000000000000000e+00
1.000000000000000000e+00
1.000000000000000444e+00
1.000000000000000888e+00
9.999999999999997780e-01
9.999999999999926725e-01
9.999999999999888978e-01
1.000000000000021316e+00
1.000000000000069500e+00
9.999999999999641398e-01
9.999999999996338484e-01
9.999999999997695177e-01
1.000000000001400435e+00
1.000000000002590594e+00
9.999999999969091391e-01
9.999999999853558252e-01
9.999999999950806018e-01
1.000000000052735150e+00
1.000000000085164098e+00
9.999999999062453293e-01
9.999999995545177933e-01
9.999999997156823195e-01
1.000000001086492007e+00
1.000000002223440765e+00
9.999999988668744066e-01
9.999999896477467232e-01
9.999999817896896293e-01
9.999999815159585914e-01
9.999999817478761877e-01
9.999817772081832645e-01
9.998932293975092422e-01
9.997758088836083967e-01
9.997339791818242727e-01
9.997281774592958747e-01
9.984176620056829377e-01
9.840753093865434176e-01
9.504495090875549890e-01
9.028643709016317409e-01
8.511726162059024547e-01
8.026764778575758985e-01
7.602651465025115352e-01
7.238699972437478980e-01
6.926366478912676650e-01
6.659112148266419506e-01
6.437133494271118916e-01
6.269952464352401833e-01
6.171195648948719636e-01
6.143589292247814138e-01
6.181006267498893036e-01
6.276428434934606670e-01
6.342719531926218623e-01
6.352281458450679263e-01
6.350873169826197762e-01
6.350536889123734596e-01
6.347472420926274506e-01
6.342278038748359048e-01
6.328483969486939920e-01
6.305645333278078191e-01
6.247262830036829362e-01
6.263187904502811598e-01
6.789073860569934116e-01
7.545916032098879400e-01
7.225277681828911058e-01
6.944359972192938324e-01
7.001520245995628278e-01
6.994419612123495833e-01
6.554771072780718466e-01
5.238207326460961877e-01
3.703889922106674004e-01
2.678288061423972910e-01
2.368865550824937327e-01
2.339892343656279350e-01
2.040843671161879924e-01
1.548980324915118501e-01
1.254804284045022422e-01
1.228865601690830728e-01
1.233227374962217598e-01
1.239039905714324069e-01
1.236404831261357223e-01
1.227275711863133750e-01
1.216895836204021086e-01
1.206843423256531156e-01
1.201043315623530200e-01
1.206161370838791658e-01
1.229083207481246331e-01
1.264622113815394577e-01
1.295798626353368566e-01
1.307241965128621564e-01
1.297262724085628538e-01
1.276007121055938998e-01
1.257581112399149825e-01
1.250412094269847674e-01
1.250115061675434736e-01
1.250112511117245639e-01
1.250086674406204468e-01
1.250037282764372149e-01
1.250004632199729904e-01
1.250000247358860062e-01
1.250000249440533784e-01
1.250000201275572320e-01
1.250000081606865154e-01
1.249999997118067113e-01
1.249999979253511584e-01
1.249999994060596725e-01
1.250000004153838939e-01
1.250000003442923169e-01
1.250000000175832959e-01
1.249999999187152988e-01
1.249999999699590997e-01
1.250000000109427745e-01
1.250000000103931863e-01
1.250000000003261280e-01
1.249999999977274567e-01
1.249999999993585964e-01
1.250000000003411993e-01
1.250000000002144396e-01
1.249999999999754086e-01
1.249999999999509420e-01
1.249999999999950179e-01
1.250000000000086042e-01
1.250000000000023592e-01
1.249999999999987232e-01
1.249999999999993616e-01
1.250000000000001110e-01
1.250000000000001110e-01
1.250000000000000000e-01
1.250000000000000000e-01
1.250000000000000000e-01
1.250000000000000000e-01
1.250000000000000000e-01
1.250000000000000000e-01
1.250000000000000000e-01
1.250000000000000000e-01
1.250000000000000000e-01
1.250000000000000000e-01
1.250000000000000000e-01
1.250000000000000000e-01
1.250000000000000000e-01
1.250000000000000000e-01
1.250000000000000000e-01
1.250000000000000000e-01
1.250000000000000000e-01
1.250000000000000000e-01
1.250000000000000000e-01
1.250000000000000000e-01
1.250000000000000000e-01
1.250000000000000000e-01
1.250000000000000000e-01
1.250000000000000000e-01
1.250000000000000000e-01
1.250000000000000000e-01
1.250000000000000000e-01
1.250000000000000000e-01
1.250000000000000000e-01
1.250000000000000000e-01
1.250000000000000000e-01
1.250000000000000000e-01
1.250000000000000000e-01
1.250000000000000000e-01
1.250000000000000000e-01
1.250000000000000000e-01
1.250000000000000000e-01
1.250000000000000000e-01
1.250000000000000000e-01
1.250000000000000000e-01
1.250000000000000000e-01
1.250000000000000000e-01
1.250000000000000000e-01
1.250000000000000000e-01
1.250000000000000000e-01
1.250000000000000000e-01
1.250000000000000000e-01
1.250000000000000000e-01
1.250000000000000000e-01
1.250000000000000000e-01
1.250000000000000000e-01
1.250000000000000000e-01
1.250000000000000000e-01
1.250000000000000000e-01
1.250000000000000000e-01
1.250000000000000000e-01
1.250000000000000000e-01
1.250000000000000000e-01
1.250000000000000000e-01
1.250000000000000000e-01
1.250000000000000000e-01
1.250000000000000000e-01
1.250000000000000000e-01
1.250000000000000000e-01
1.250000000000000000e-01
1.250000000000000000e-01
1.250000000000000000e-01
1.250000000000000000e-01
