1.000000000000000000e+00
1.000000000000000000e+00
1.000000000000000000e+00
1.000000000000000000e+00
1.000000000000000000e+00
1.000000000000000000e+00
1.000000000000000000e+00
1.000000000000000000e+00
1.000000000000000000e+00
1.000000000000000000e+00
1.000000000000000000e+00
1.000000000000000000e+00
1.000000000000000000e+00
1.000000000000000000e+00
1.000000000000000000e+00
1.000000000000000000e+00
1.000000000000000000e+00
1.000000000000000000e+00
1.000000000000000000e+00
1.000000000000000000e+00
1.000000000000000000e+00
1.000000000000000000e+00
1.000000000000000000e+00
1.000000000000000000e+00
1.000000000000000000e+00
1.000000000000000000e+00
1.000000000000000000e+00
1.000000000000000000e+00
1.000000000000000000e+00
1.000000000000000000e+00
1.000000000000000000e+00
1.000000000000000000e+00
1.000000000000000000e+00
1.000000000000000000e+00
1.000000000000000000e+00
1.000000000000000000e+00
1.000000000000000000e+00
1.000000000000000000e+00
1.000000000000000000e+00
1.000000000000000000e+00
1.000000000000000000e+00
1.000000000000000000e+00
1.000000000000000000e+00
1.000000000000000000e+00
1.000000000000000000e+00
1.000000000000000000e+00
1.000000000000000000e+00
1.000000000000000000e+00
1.000000000000000000e+00
1.000000000000000000e+00
1.000000000000000000e+00
1.000000000000000000e+00
1.000000000000000000e+00
1.000000000000000000e+00
1.000000000000000000e+00
1.000000000000000000e+00
1.000000000000000000e+00
1.000000000000000000e+00
1.000000000000000000e+00
1.000000000000000000e+00
1.000000000000000000e+00
1.000000000000000000e+00
1.000000000000000000e+00
1.000000000000000000e+00
1.000000000000000000e+00
1.000000000000000000e+00
1.000000000000000000e+00
1.000000000000000000e+00
1.000000000000000000e+00
9.999999999999995559e-01
1.000000000000000000e+00
1.000000000000001332e+00
1.000000000000001776e+00
9.999999999999934497e-01
9.999999999999809042e-01
1.000000000000006439e+00
1.000000000000094813e+00
1.000000000000069722e+00
9.999999999996479483e-01
9.999999999992983390e-01
1.000000000000715428e+00
1.000000000003782086e+00
1.000000000001497913e+00
9.999999999864731537e-01
9.999999999773900861e-01
1.000000000023749891e+00
1.000000000115370824e+00
1.000000000062307937e+00
9.999999996674160396e-01
9.999999993137815846e-01
1.000000000113762333e+00
1.000000002290273748e+00
1.000000002481166606e+00
9.999999953644205242e-01
9.999999812023545598e-01
9.999999742271222791e-01
9.999999747214344259e-01
9.999997524109855984e-01
9.999757504013020437e-01
9.999068559383202937e-01
9.998353963499614361e-01
9.998169854252926259e-01
9.998147433433242082e-01
9.977710839923081831e-01
9.821086326803917244e-01
9.485244514618627054e-01
9.028365867921730459e-01
8.538788355407059827e-01
8.080335877147579726e-01
7.676850898426124115e-01
7.327412051812087768e-01
7.023972615009742571e-01
6.759532484577285283e-01
6.532494021979267096e-01
6.348807374588060215e-01
6.221231341053659047e-01
6.158885099266232510e-01
6.154952991100784976e-01
6.215363634383436198e-01
6.303818696087495344e-01
6.347665317431225862e-01
6.351182531163794831e-01
6.351301043738371011e-01
6.351169391217442728e-01
6.346763190114165232e-01
6.335183128092254368e-01
6.326425066469044678e-01
6.295526130047038871e-01
6.263805025182481723e-01
6.239801525250741054e-01
6.280160127079675858e-01
6.742123086373681407e-01
7.517199777692754603e-01
7.349103603048751099e-01
6.884195198162210705e-01
6.929517552590906959e-01
7.008022565444340657e-01
6.968975860855891602e-01
6.140479426394634954e-01
4.614362807347727191e-01
3.212253735756622763e-01
2.487997694283742844e-01
2.409746888332070236e-01
2.373208103560669191e-01
2.012000894558834962e-01
1.519427834824760293e-01
1.250583917336120232e-01
1.229057338919114922e-01
1.232629738015560278e-01
1.237817629445843032e-01
1.237933204992485298e-01
1.232849758693932846e-01
1.226286232783602298e-01
1.219275510082224317e-01
1.211808476184176031e-01
1.205334013193479908e-01
1.205955103546011986e-01
1.221797199912020432e-01
1.252498063347766144e-01
1.285484984157979627e-01
1.304605690701059750e-01
1.302169059014136598e-01
1.283792122863522678e-01
1.263156608349882970e-01
1.251677012872736694e-01
1.250096633698165594e-01
1.250095456400939775e-01
1.250086825589426798e-01
1.250050827715028512e-01
1.250014163527355948e-01
1.250000337454865995e-01
1.250000108472902605e-01
1.250000102090695064e-01
1.250000063312848853e-01
1.250000016352257881e-01
1.249999991517498077e-01
1.249999991468833810e-01
1.249999999259543970e-01
1.250000002507407060e-01
1.250000001360277446e-01
1.249999999835609832e-01
1.249999999551411334e-01
1.249999999877983298e-01
1.250000000078193008e-01
1.250000000059304783e-01
1.249999999999441558e-01
1.249999999984851701e-01
1.249999999995519279e-01
1.250000000002358391e-01
1.250000000001730283e-01
1.249999999999918121e-01
1.249999999999580891e-01
1.249999999999913125e-01
1.250000000000072164e-01
1.250000000000034139e-01
1.249999999999991118e-01
1.249999999999990702e-01
1.249999999999999584e-01
1.250000000000001943e-01
1.250000000000000555e-01
1.250000000000000000e-01
1.250000000000000000e-01
1.250000000000000000e-01
1.250000000000000000e-01
1.250000000000000000e-01
1.250000000000000000e-01
1.250000000000000000e-01
1.250000000000000000e-01
1.250000000000000000e-01
1.250000000000000000e-01
1.250000000000000000e-01
1.250000000000000000e-01
1.250000000000000000e-01
1.250000000000000000e-01
1.250000000000000000e-01
1.250000000000000000e-01
1.250000000000000000e-01
1.250000000000000000e-01
1.250000000000000000e-01
1.250000000000000000e-01
1.250000000000000000e-01
1.250000000000000000e-01
1.250000000000000000e-01
1.250000000000000000e-01
1.250000000000000000e-01
1.250000000000000000e-01
1.250000000000000000e-01
1.250000000000000000e-01
1.250000000000000000e-01
1.250000000000000000e-01
1.250000000000000000e-01
1.250000000000000000e-01
1.250000000000000000e-01
1.250000000000000000e-01
1.250000000000000000e-01
1.250000000000000000e-01
1.250000000000000000e-01
1.250000000000000000e-01
1.250000000000000000e-01
1.250000000000000000e-01
1.250000000000000000e-01
1.250000000000000000e-01
1.250000000000000000e-01
1.250000000000000000e-01
1.250000000000000000e-01
1.250000000000000000e-01
1.250000000000000000e-01
1.250000000000000000e-01
1.250000000000000000e-01
1.250000000000000000e-01
1.250000000000000000e-01
1.250000000000000000e-01
1.250000000000000000e-01
1.250000000000000000e-01
1.250000000000000000e-01
1.250000000000000000e-01
1.250000000000000000e-01
1.250000000000000000e-01
1.250000000000000000e-01
1.250000000000000000e-01
1.250000000000000000e-01
1.250000000000000000e-01
1.250000000000000000e-01
1.250000000000000000e-01
