1.000000000000000000e+00
1.000000000000000000e+00
1.000000000000000000e+00
1.000000000000000000e+00
1.000000000000000000e+00
1.000000000000000000e+00
1.000000000000000000e+00
1.000000000000000000e+00
1.000000000000000000e+00
1.000000000000000000e+00
1.000000000000000000e+00
1.000000000000000000e+00
1.000000000000000000e+00
1.000000000000000000e+00
1.000000000000000000e+00
1.000000000000000000e+00
1.000000000000000000e+00
1.000000000000000000e+00
1.000000000000000000e+00
1.000000000000000000e+00
1.000000000000000000e+00
1.000000000000000000e+00
1.000000000000000000e+00
1.000000000000000000e+00
1.000000000000000000e+00
1.000000000000000000e+00
1.000000000000000000e+00
1.000000000000000000e+00
1.000000000000000000e+00
1.000000000000000000e+00
1.000000000000000000e+00
1.000000000000000000e+00
1.000000000000000000e+00
1.000000000000000000e+00
1.000000000000000000e+00
1.000000000000000000e+00
1.000000000000000000e+00
1.000000000000000000e+00
1.000000000000000000e+00
1.000000000000000000e+00
1.000000000000000000e+00
1.000000000000000000e+00
1.000000000000000000e+00
1.000000000000000000e+00
1.000000000000000000e+00
1.000000000000000000e+00
1.000000000000000000e+00
1.000000000000000000e+00
1.000000000000000000e+00
1.000000000000000000e+00
1.000000000000000000e+00
1.000000000000000000e+00
1.000000000000000000e+00
1.000000000000000000e+00
1.000000000000000000e+00
1.000000000000000000e+00
1.000000000000000000e+00
1.000000000000000000e+00
1.000000000000000000e+00
1.000000000000000000e+00
1.000000000000000000e+00
1.000000000000000000e+00
1.000000000000000000e+00
1.000000000000000000e+00
1.000000000000000000e+00
1.000000000000000000e+00
1.000000000000000000e+00
9.999999999999995559e-01
1.000000000000000666e+00
1.000000000000002887e+00
9.999999999999993339e-01
9.999999999999882316e-01
9.999999999999917843e-01
1.000000000000042188e+00
1.000000000000077494e+00
9.999999999998898659e-01
9.999999999995290434e-01
9.999999999999205080e-01
1.000000000001881606e+00
1.000000000002597922e+00
9.999999999955809793e-01
9.999999999841506781e-01
9.999999999968127717e-01
1.000000000055657923e+00
1.000000000084821039e+00
9.999999999117514804e-01
9.999999995811045261e-01
9.999999996907908972e-01
1.000000000890882701e+00
1.000000002061146809e+00
9.999999997490254255e-01
9.999999917938350302e-01
9.999999838123716511e-01
9.999999847185645496e-01
9.999999831824184504e-01
9.999920576512569825e-01
9.999262123642691513e-01
9.998190387513978816e-01
9.997507961534377596e-01
9.997436796423387895e-01
9.995878092839580731e-01
9.925445133023058641e-01
9.692300715764743391e-01
9.310088988594096282e-01
8.852966691419054124e-01
8.395145889346548040e-01
7.978239362025649761e-01
7.611383426563332888e-01
7.290604653312936501e-01
7.008642819952503045e-01
6.760532448235599956e-01
6.544697179145889665e-01
6.365608126551404178e-01
6.234441560357899537e-01
6.161985756946519732e-01
6.149807424089922536e-01
6.201486872250447924e-01
6.298031557228366273e-01
6.351277629169398420e-01
6.351491420049496517e-01
6.350996102582296965e-01
6.350320020843253088e-01
6.343804664318287712e-01
6.329343311297309649e-01
6.313855303250608397e-01
6.295580641133116107e-01
6.280083234210973586e-01
6.266276688175832499e-01
6.250640537469723812e-01
6.237293795477141245e-01
6.241454577895994005e-01
6.634022425092673814e-01
7.651120536359727886e-01
7.384278141126363604e-01
6.877137795544915333e-01
6.905516637254469625e-01
7.001010977110778688e-01
7.027393846380882714e-01
6.848427964144601088e-01
5.803557154536213014e-01
4.210095753764387938e-01
2.919309643983544755e-01
2.475968610710694295e-01
2.464204360118957549e-01
2.438391086265802310e-01
2.065308653175215725e-01
1.558816993521653094e-01
1.257275035593936052e-01
1.224063012529815336e-01
1.227084625112847965e-01
1.233051643633874678e-01
1.236277432270228571e-01
1.235611267828192611e-01
1.234781520442258668e-01
1.232942667337741660e-01
1.227647327673736105e-01
1.218229235196902349e-01
1.207079677651200084e-01
1.200375699233445087e-01
1.206088023122114522e-01
1.229031328311128018e-01
1.263510373070503845e-01
1.294011768327912870e-01
1.306150147809307660e-01
1.297715869525755128e-01
1.277605822636005140e-01
1.258955245828151104e-01
1.250665837795795488e-01
1.250108053055767610e-01
1.250105850606738345e-01
1.250089683375950611e-01
1.250044490991825685e-01
1.250008511481753848e-01
1.250000216465174951e-01
1.250000210420287028e-01
1.250000191073676603e-01
1.250000106851256176e-01
1.250000017339012448e-01
1.249999980083675161e-01
1.249999987962933379e-01
1.250000001467252431e-01
1.250000004492197170e-01
1.250000001506449132e-01
1.249999999357449126e-01
1.249999999358794300e-01
1.249999999943881834e-01
1.250000000148193124e-01
1.250000000062744809e-01
1.249999999982968207e-01
1.249999999979674037e-01
1.249999999998220868e-01
1.250000000004240497e-01
1.250000000001528222e-01
1.249999999999438921e-01
1.249999999999526629e-01
1.250000000000008882e-01
1.250000000000099920e-01
1.250000000000018874e-01
1.249999999999984457e-01
1.249999999999992922e-01
1.250000000000001110e-01
1.250000000000001388e-01
1.250000000000000555e-01
1.250000000000000000e-01
1.250000000000000000e-01
1.250000000000000000e-01
1.250000000000000000e-01
1.250000000000000000e-01
1.250000000000000000e-01
1.250000000000000000e-01
1.250000000000000000e-01
1.250000000000000000e-01
1.250000000000000000e-01
1.250000000000000000e-01
1.250000000000000000e-01
1.250000000000000000e-01
1.250000000000000000e-01
1.250000000000000000e-01
1.250000000000000000e-01
1.250000000000000000e-01
1.250000000000000000e-01
1.250000000000000000e-01
1.250000000000000000e-01
1.250000000000000000e-01
1.250000000000000000e-01
1.250000000000000000e-01
1.250000000000000000e-01
1.250000000000000000e-01
1.250000000000000000e-01
1.250000000000000000e-01
1.250000000000000000e-01
1.250000000000000000e-01
1.250000000000000000e-01
1.250000000000000000e-01
1.250000000000000000e-01
1.250000000000000000e-01
1.250000000000000000e-01
1.250000000000000000e-01
1.250000000000000000e-01
1.250000000000000000e-01
1.250000000000000000e-01
1.250000000000000000e-01
1.250000000000000000e-01
1.250000000000000000e-01
1.250000000000000000e-01
1.250000000000000000e-01
1.250000000000000000e-01
1.250000000000000000e-01
1.250000000000000000e-01
1.250000000000000000e-01
1.250000000000000000e-01
1.250000000000000000e-01
1.250000000000000000e-01
1.250000000000000000e-01
1.250000000000000000e-01
1.250000000000000000e-01
1.250000000000000000e-01
1.250000000000000000e-01
1.250000000000000000e-01
1.250000000000000000e-01
1.250000000000000000e-01
1.250000000000000000e-01
1.250000000000000000e-01
1.250000000000000000e-01
