1.000000000000000000e+00
1.000000000000000000e+00
1.000000000000000000e+00
1.000000000000000000e+00
1.000000000000000000e+00
1.000000000000000000e+00
1.000000000000000000e+00
1.000000000000000000e+00
1.000000000000000000e+00
1.000000000000000000e+00
1.000000000000000000e+00
1.000000000000000000e+00
1.000000000000000000e+00
1.000000000000000000e+00
1.000000000000000000e+00
1.000000000000000000e+00
1.000000000000000000e+00
1.000000000000000000e+00
1.000000000000000000e+00
1.000000000000000000e+00
1.000000000000000000e+00
1.000000000000000000e+00
1.000000000000000000e+00
1.000000000000000000e+00
1.000000000000000000e+00
1.000000000000000000e+00
1.000000000000000000e+00
1.000000000000000000e+00
1.000000000000000000e+00
1.000000000000000000e+00
1.000000000000000000e+00
1.000000000000000000e+00
1.000000000000000000e+00
1.000000000000000000e+00
1.000000000000000000e+00
1.000000000000000000e+00
1.000000000000000000e+00
1.000000000000000000e+00
1.000000000000000000e+00
1.000000000000000000e+00
1.000000000000000000e+00
1.000000000000000000e+00
1.000000000000000000e+00
1.000000000000000000e+00
1.000000000000000000e+00
1.000000000000000000e+00
1.000000000000000000e+00
1.000000000000000000e+00
1.000000000000000000e+00
1.000000000000000000e+00
1.000000000000000000e+00
1.000000000000000000e+00
1.000000000000000000e+00
1.000000000000000000e+00
1.000000000000000000e+00
1.000000000000000000e+00
1.000000000000000000e+00
1.000000000000000000e+00
1.000000000000000000e+00
1.000000000000000000e+00
1.000000000000000000e+00
1.000000000000000000e+00
1.000000000000000000e+00
1.000000000000000000e+00
9.999999999999995559e-01
9.999999999999997780e-01
1.000000000000001332e+00
1.000000000000001776e+00
9.999999999999952260e-01
9.999999999999857891e-01
1.000000000000005773e+00
1.000000000000070166e+00
1.000000000000050182e+00
9.999999999997495337e-01
9.999999999994861888e-01
1.000000000000417888e+00
1.000000000002602363e+00
1.000000000001555867e+00
9.999999999917560389e-01
9.999999999833977249e-01
1.000000000009130030e+00
1.000000000072741813e+00
1.000000000065083494e+00
9.999999998338632290e-01
9.999999995414420306e-01
9.999999998755791930e-01
1.000000001204665034e+00
1.000000001927304982e+00
9.999999986350723846e-01
9.999999910949743942e-01
9.999999845387625985e-01
9.999999848810954273e-01
9.999999838755881942e-01
9.999869384265165362e-01
9.999138072514079933e-01
9.998097724384666929e-01
9.997539166644295872e-01
9.997495412981451945e-01
9.994168646107609577e-01
9.913880626231507120e-01
9.676703608142882551e-01
9.303577997430576563e-01
8.864579618851825549e-01
8.427500855184660855e-01
8.027971888690190738e-01
7.674611827026320832e-01
7.363183701453918095e-01
7.087451117301729608e-01
6.842601332485255261e-01
6.626018412415236591e-01
6.439630144112844512e-01
6.291153233923184596e-01
6.192967327490884744e-01
6.152384335820676453e-01
6.164676031717947202e-01
6.247568055051710978e-01
6.334425025476811966e-01
6.350576733526913653e-01
6.351361848339270866e-01
6.352036330859304192e-01
6.348432572042755906e-01
6.336687513800028926e-01
6.321734468106613436e-01
6.304514908907529191e-01
6.283107975433918080e-01
6.265487527681616875e-01
6.262485902794459047e-01
6.259887766325783476e-01
6.242079163475318104e-01
6.207344876027531821e-01
6.217536958602576380e-01
6.667550908300819978e-01
7.681296845308360766e-01
7.440794424380924310e-01
6.822317512840925247e-01
6.840340388042293052e-01
7.007622773378936465e-01
7.081742193988405099e-01
7.059228285044300000e-01
6.525597108505620803e-01
5.179598219642554957e-01
3.628967615443140504e-01
2.642748110396409555e-01
2.474445542103271001e-01
2.502750296304762645e-01
2.446057213974559275e-01
2.036738790605097937e-01
1.526640414216599018e-01
1.249975834629002552e-01
1.222611896061150394e-01
1.224939207800301993e-01
1.229167353473194502e-01
1.232161512017395516e-01
1.232928660146508926e-01
1.234131978109051231e-01
1.235410251124011288e-01
1.234693270331960191e-01
1.229792824598126555e-01
1.221000205815787470e-01
1.209798898663039246e-01
1.201176208679349683e-01
1.202921536819627768e-01
1.221151680991090227e-01
1.253363537876678035e-01
1.286304455844003436e-01
1.304426513584192038e-01
1.301718574889538516e-01
1.284053566277999769e-01
1.263894873033283850e-01
1.252066674163624660e-01
1.250105717526721616e-01
1.250104470006923318e-01
1.250096728873650032e-01
1.250059780558987754e-01
1.250018440916540186e-01
1.250000858831861739e-01
1.250000196818747689e-01
1.250000207742021918e-01
1.250000139793541465e-01
1.250000045302171736e-01
1.249999988524569672e-01
1.249999982489114481e-01
1.249999996497569155e-01
1.250000004297297518e-01
1.250000003058462372e-01
1.250000000062076733e-01
1.249999999173390941e-01
1.249999999672291723e-01
1.250000000104068976e-01
1.250000000122890309e-01
1.250000000014723778e-01
1.249999999973808729e-01
1.249999999988244126e-01
1.250000000002830791e-01
1.250000000003613221e-01
1.250000000000337785e-01
1.249999999999256289e-01
1.249999999999730493e-01
1.250000000000099920e-01
1.250000000000083544e-01
1.249999999999996253e-01
1.249999999999978628e-01
1.249999999999995837e-01
1.250000000000003608e-01
1.250000000000001665e-01
1.250000000000000000e-01
1.250000000000000000e-01
1.250000000000000000e-01
1.250000000000000000e-01
1.250000000000000000e-01
1.250000000000000000e-01
1.250000000000000000e-01
1.250000000000000000e-01
1.250000000000000000e-01
1.250000000000000000e-01
1.250000000000000000e-01
1.250000000000000000e-01
1.250000000000000000e-01
1.250000000000000000e-01
1.250000000000000000e-01
1.250000000000000000e-01
1.250000000000000000e-01
1.250000000000000000e-01
1.250000000000000000e-01
1.250000000000000000e-01
1.250000000000000000e-01
1.250000000000000000e-01
1.250000000000000000e-01
1.250000000000000000e-01
1.250000000000000000e-01
1.250000000000000000e-01
1.250000000000000000e-01
1.250000000000000000e-01
1.250000000000000000e-01
1.250000000000000000e-01
1.250000000000000000e-01
1.250000000000000000e-01
1.250000000000000000e-01
1.250000000000000000e-01
1.250000000000000000e-01
1.250000000000000000e-01
1.250000000000000000e-01
1.250000000000000000e-01
1.250000000000000000e-01
1.250000000000000000e-01
1.250000000000000000e-01
1.250000000000000000e-01
1.250000000000000000e-01
1.250000000000000000e-01
1.250000000000000000e-01
1.250000000000000000e-01
1.250000000000000000e-01
1.250000000000000000e-01
1.250000000000000000e-01
1.250000000000000000e-01
1.250000000000000000e-01
1.250000000000000000e-01
1.250000000000000000e-01
1.250000000000000000e-01
1.250000000000000000e-01
1.250000000000000000e-01
1.250000000000000000e-01
1.250000000000000000e-01
1.250000000000000000e-01
