1.000000000000000000e+00
1.000000000000000000e+00
1.000000000000000000e+00
1.000000000000000000e+00
1.000000000000000000e+00
1.000000000000000000e+00
1.000000000000000000e+00
1.000000000000000000e+00
1.000000000000000000e+00
1.000000000000000000e+00
1.000000000000000000e+00
1.000000000000000000e+00
1.000000000000000000e+00
1.000000000000000000e+00
1.000000000000000000e+00
1.000000000000000000e+00
1.000000000000000000e+00
1.000000000000000000e+00
1.000000000000000000e+00
1.000000000000000000e+00
1.000000000000000000e+00
1.000000000000000000e+00
1.000000000000000000e+00
1.000000000000000000e+00
1.000000000000000000e+00
1.000000000000000000e+00
1.000000000000000000e+00
1.000000000000000000e+00
1.000000000000000000e+00
1.000000000000000000e+00
1.000000000000000000e+00
1.000000000000000000e+00
1.000000000000000000e+00
1.000000000000000000e+00
1.000000000000000000e+00
1.000000000000000000e+00
1.000000000000000000e+00
1.000000000000000000e+00
1.000000000000000000e+00
1.000000000000000000e+00
1.000000000000000000e+00
1.000000000000000000e+00
1.000000000000000000e+00
1.000000000000000000e+00
1.000000000000000000e+00
1.000000000000000000e+00
1.000000000000000000e+00
1.000000000000000000e+00
1.000000000000000000e+00
1.000000000000000000e+00
1.000000000000000000e+00
1.000000000000000000e+00
1.000000000000000000e+00
1.000000000000000000e+00
1.000000000000000000e+00
1.000000000000000000e+00
1.000000000000000000e+00
1.000000000000000000e+00
1.000000000000000000e+00
1.000000000000000000e+00
1.000000000000000000e+00
1.000000000000000000e+00
9.999999999999996669e-01
1.000000000000000444e+00
1.000000000000002220e+00
1.000000000000000666e+00
9.999999999999897859e-01
9.999999999999860112e-01
1.000000000000028200e+00
1.000000000000090372e+00
9.999999999999835687e-01
9.999999999995998756e-01
9.999999999995781153e-01
1.000000000001087130e+00
1.000000000003030687e+00
9.999999999996368460e-01
9.999999999879813917e-01
9.999999999855060384e-01
1.000000000024299673e+00
1.000000000084236174e+00
1.000000000030972558e+00
9.999999997564019694e-01
9.999999995422608201e-01
1.000000000091344710e+00
1.000000001474778966e+00
1.000000001637364022e+00
9.999999975294741050e-01
9.999999896930986676e-01
9.999999853802934435e-01
9.999999838698305776e-01
9.999999859157202575e-01
9.999807030475678093e-01
9.999011583438989215e-01
9.998017934292893205e-01
9.997578020356570061e-01
9.997546735201870982e-01
9.991973176646415933e-01
9.901789640246010382e-01
9.661750416005138176e-01
9.297164917362652492e-01
8.875120456866112395e-01
8.456744495739325629e-01
8.073457278619844413e-01
7.732560621491280095e-01
7.430163122184574309e-01
7.160822833235206408e-01
6.919839304962852600e-01
6.704421697446928397e-01
6.514449311144785426e-01
6.354746635970625057e-01
6.235659506149560105e-01
6.167227685944723925e-01
6.153118409355524676e-01
6.198033166890729584e-01
6.297121483144438869e-01
6.345671696912468240e-01
6.353924447940333398e-01
6.352060950061736433e-01
6.349226765897453273e-01
6.340549307898187825e-01
6.329308570996677874e-01
6.315299076421865276e-01
6.295969644290873024e-01
6.272717186137997114e-01
6.257149165795011792e-01
6.253960323299904145e-01
6.252847574252013985e-01
6.240825988155974668e-01
6.228615416286570339e-01
6.217124782332295041e-01
6.229892737301178096e-01
6.535653178377550665e-01
7.561976713815441453e-01
7.685167807332041745e-01
6.895037637093948124e-01
6.842127951028654786e-01
6.901597146151116080e-01
7.045814922816332482e-01
7.139910916497187454e-01
6.986936317690521925e-01
6.052420506271611877e-01
4.518196422995480743e-01
3.123545692299190546e-01
2.544556462936550800e-01
2.508953658016305210e-01
2.516805357250739283e-01
2.444886131846845667e-01
1.997308673310655425e-01
1.497433069350303514e-01
1.244066392923584979e-01
1.222501336833065194e-01
1.224071719609747672e-01
1.227407480785604743e-01
1.228011745318396547e-01
1.228907805402620623e-01
1.231180692755638739e-01
1.234380527437213271e-01
1.236106579489782142e-01
1.235274018454490530e-01
1.231359537532209503e-01
1.223735079399749792e-01
1.212835111196054888e-01
1.202716659367848440e-01
1.200996977537766019e-01
1.214480592551852173e-01
1.243527931647724905e-01
1.277555473931866747e-01
1.300900201820246738e-01
1.304110294922046498e-01
1.290101446791295237e-01
1.269637648581136424e-01
1.254636341840659475e-01
1.250104214341281050e-01
1.250102527005074460e-01
1.250099971312159386e-01
1.250072901248728274e-01
1.250030870129905380e-01
1.250003836807452584e-01
1.250000193677593130e-01
1.250000202300436680e-01
1.250000170842833214e-01
1.250000079189431124e-01
1.250000004377035123e-01
1.249999980718128206e-01
1.249999990540055228e-01
1.250000002243609742e-01
1.250000004198837389e-01
1.250000001250644588e-01
1.249999999315852817e-01
1.249999999371973203e-01
1.249999999949135687e-01
1.250000000152759472e-01
1.250000000068463846e-01
1.249999999983827659e-01
1.249999999977161602e-01
1.249999999996744410e-01
1.250000000004611034e-01
1.250000000002157163e-01
1.249999999999527184e-01
1.249999999999366063e-01
1.249999999999936856e-01
1.250000000000122957e-01
1.250000000000043299e-01
1.249999999999983069e-01
1.249999999999985706e-01
1.249999999999999722e-01
1.250000000000003053e-01
1.250000000000001388e-01
1.250000000000000000e-01
1.250000000000000000e-01
1.250000000000000000e-01
1.250000000000000000e-01
1.250000000000000000e-01
1.250000000000000000e-01
1.250000000000000000e-01
1.250000000000000000e-01
1.250000000000000000e-01
1.250000000000000000e-01
1.250000000000000000e-01
1.250000000000000000e-01
1.250000000000000000e-01
1.250000000000000000e-01
1.250000000000000000e-01
1.250000000000000000e-01
1.250000000000000000e-01
1.250000000000000000e-01
1.250000000000000000e-01
1.250000000000000000e-01
1.250000000000000000e-01
1.250000000000000000e-01
1.250000000000000000e-01
1.250000000000000000e-01
1.250000000000000000e-01
1.250000000000000000e-01
1.250000000000000000e-01
1.250000000000000000e-01
1.250000000000000000e-01
1.250000000000000000e-01
1.250000000000000000e-01
1.250000000000000000e-01
1.250000000000000000e-01
1.250000000000000000e-01
1.250000000000000000e-01
1.250000000000000000e-01
1.250000000000000000e-01
1.250000000000000000e-01
1.250000000000000000e-01
1.250000000000000000e-01
1.250000000000000000e-01
1.250000000000000000e-01
1.250000000000000000e-01
1.250000000000000000e-01
1.250000000000000000e-01
1.250000000000000000e-01
1.250000000000000000e-01
1.250000000000000000e-01
1.250000000000000000e-01
1.250000000000000000e-01
1.250000000000000000e-01
1.250000000000000000e-01
1.250000000000000000e-01
1.250000000000000000e-01
1.250000000000000000e-01
1.250000000000000000e-01
