1.000000000000000000e+00
1.000000000000000000e+00
1.000000000000000000e+00
1.000000000000000000e+00
1.000000000000000000e+00
1.000000000000000000e+00
1.000000000000000000e+00
1.000000000000000000e+00
1.000000000000000000e+00
1.000000000000000000e+00
1.000000000000000000e+00
1.000000000000000000e+00
1.000000000000000000e+00
1.000000000000000000e+00
1.000000000000000000e+00
1.000000000000000000e+00
1.000000000000000000e+00
1.000000000000000000e+00
1.000000000000000000e+00
1.000000000000000000e+00
1.000000000000000000e+00
1.000000000000000000e+00
1.000000000000000000e+00
1.000000000000000000e+00
1.000000000000000000e+00
1.000000000000000000e+00
1.000000000000000000e+00
1.000000000000000000e+00
1.000000000000000000e+00
1.000000000000000000e+00
1.000000000000000000e+00
1.000000000000000000e+00
1.000000000000000000e+00
1.000000000000000000e+00
1.000000000000000000e+00
1.000000000000000000e+00
1.000000000000000000e+00
1.000000000000000000e+00
1.000000000000000000e+00
1.000000000000000000e+00
1.000000000000000000e+00
1.000000000000000000e+00
1.000000000000000000e+00
1.000000000000000000e+00
1.000000000000000000e+00
1.000000000000000000e+00
1.000000000000000000e+00
1.000000000000000000e+00
1.000000000000000000e+00
1.000000000000000000e+00
1.000000000000000000e+00
1.000000000000000000e+00
1.000000000000000000e+00
1.000000000000000000e+00
1.000000000000000000e+00
1.000000000000000000e+00
1.000000000000000000e+00
1.000000000000000000e+00
1.000000000000000000e+00
9.999999999999997780e-01
9.999999999999997780e-01
1.000000000000000888e+00
1.000000000000002665e+00
9.999999999999978906e-01
9.999999999999853451e-01
9.999999999999934497e-01
1.000000000000055067e+00
1.000000000000089928e+00
9.999999999998776534e-01
9.999999999994805266e-01
9.999999999998381295e-01
1.000000000001831868e+00
1.000000000002974287e+00
9.999999999969535480e-01
9.999999999849342736e-01
9.999999999907656090e-01
1.000000000040670800e+00
1.000000000087947205e+00
9.999999999849442656e-01
9.999999996862825036e-01
9.999999995834257804e-01
1.000000000326906946e+00
1.000000001683426287e+00
1.000000001232075109e+00
9.999999962640828688e-01
9.999999882992399725e-01
9.999999851386651706e-01
9.999999869917943762e-01
9.999999362756368804e-01
9.999730071351701222e-01
9.998898033958673048e-01
9.997948864762019605e-01
9.997623452122239573e-01
9.997590734879880925e-01
9.989159402723918335e-01
9.889359356458793382e-01
9.647340507025493617e-01
9.290892094756215691e-01
8.884664753200334220e-01
8.483378937597747527e-01
8.115122081099798157e-01
7.785819651820206078e-01
7.492165523354414880e-01
7.229144323456636601e-01
6.992459076482149261e-01
6.779174161098732165e-01
6.588167759490457520e-01
6.421831020982630145e-01
6.287690557710839956e-01
6.196710286808393420e-01
6.157248577464639050e-01
6.165121766883467913e-01
6.245978373006357831e-01
6.329632838152765562e-01
6.354540245819240152e-01
6.350712909927955785e-01
6.347642659520723596e-01
6.344462240628514493e-01
6.337695694610159247e-01
6.323957059724515384e-01
6.304293638328603011e-01
6.282387702999560064e-01
6.265330126410527667e-01
6.256369042257636792e-01
6.250787239961695940e-01
6.242050572290073207e-01
6.235977029230282964e-01
6.232158383474637464e-01
6.232290229646201274e-01
6.240023309352688008e-01
6.245703980374243125e-01
6.469059505284253664e-01
7.408696054909689188e-01
7.808918080362197145e-01
7.051240983083713054e-01
6.846751099535872687e-01
6.874811415502968259e-01
6.963486689118951745e-01
7.103920903979182855e-01
7.133977982161112674e-01
6.714460244228757091e-01
5.497367873150778017e-01
3.924806322208889697e-01
2.797554646737661632e-01
2.489235179491640082e-01
2.496289994633537623e-01
2.551744614620445883e-01
2.444608371692938986e-01
1.968232432470038984e-01
1.469127982018319234e-01
1.240287883619063530e-01
1.223051074688499967e-01
1.224451525004450064e-01
1.226240607597500892e-01
1.225821776709226790e-01
1.225489034975936337e-01
1.227427201294392367e-01
1.231067149139687261e-01
1.234217286100664779e-01
1.235843360251233786e-01
1.235544981964454003e-01
1.232765443688097901e-01
1.226327268647122715e-01
1.215981429252130375e-01
1.204877908069725140e-01
1.200161316899565622e-01
1.209105775170104535e-01
1.234300656430248194e-01
1.268078682519747369e-01
1.295636658492041182e-01
1.304915573280402696e-01
1.295362704959731048e-01
1.275783830374588035e-01
1.258240768406712617e-01
1.250596613630507448e-01
1.250100361562709594e-01
1.250098529418443571e-01
1.250084875403821294e-01
1.250044698577396363e-01
1.250010115946788569e-01
1.250000206951423221e-01
1.250000175852810924e-01
1.250000175829325544e-01
1.250000110840112921e-01
1.250000027874734465e-01
1.249999984476027060e-01
1.249999985070160413e-01
1.249999998367678777e-01
1.250000004330119596e-01
1.250000002646550756e-01
1.249999999901297426e-01
1.249999999185994054e-01
1.249999999696575770e-01
1.250000000110544907e-01
1.250000000125868205e-01
1.250000000016392443e-01
1.249999999972565418e-01
1.249999999986421972e-01
1.250000000002513545e-01
1.250000000004189427e-01
1.250000000000667244e-01
1.249999999999182460e-01
1.249999999999604344e-01
1.250000000000079659e-01
1.250000000000111022e-01
1.250000000000008882e-01
1.249999999999976130e-01
1.249999999999992367e-01
1.250000000000003886e-01
1.250000000000002776e-01
1.250000000000000555e-01
1.250000000000000000e-01
1.250000000000000000e-01
1.250000000000000000e-01
1.250000000000000000e-01
1.250000000000000000e-01
1.250000000000000000e-01
1.250000000000000000e-01
1.250000000000000000e-01
1.250000000000000000e-01
1.250000000000000000e-01
1.250000000000000000e-01
1.250000000000000000e-01
1.250000000000000000e-01
1.250000000000000000e-01
1.250000000000000000e-01
1.250000000000000000e-01
1.250000000000000000e-01
1.250000000000000000e-01
1.250000000000000000e-01
1.250000000000000000e-01
1.250000000000000000e-01
1.250000000000000000e-01
1.250000000000000000e-01
1.250000000000000000e-01
1.250000000000000000e-01
1.250000000000000000e-01
1.250000000000000000e-01
1.250000000000000000e-01
1.250000000000000000e-01
1.250000000000000000e-01
1.250000000000000000e-01
1.250000000000000000e-01
1.250000000000000000e-01
1.250000000000000000e-01
1.250000000000000000e-01
1.250000000000000000e-01
1.250000000000000000e-01
1.250000000000000000e-01
1.250000000000000000e-01
1.250000000000000000e-01
1.250000000000000000e-01
1.250000000000000000e-01
1.250000000000000000e-01
1.250000000000000000e-01
1.250000000000000000e-01
1.250000000000000000e-01
1.250000000000000000e-01
1.250000000000000000e-01
1.250000000000000000e-01
1.250000000000000000e-01
1.250000000000000000e-01
1.250000000000000000e-01
1.250000000000000000e-01
