1.000000000000000000e+00
1.000000000000000000e+00
1.000000000000000000e+00
1.000000000000000000e+00
1.000000000000000000e+00
1.000000000000000000e+00
1.000000000000000000e+00
1.000000000000000000e+00
1.000000000000000000e+00
1.000000000000000000e+00
1.000000000000000000e+00
1.000000000000000000e+00
1.000000000000000000e+00
1.000000000000000000e+00
1.000000000000000000e+00
1.000000000000000000e+00
1.000000000000000000e+00
1.000000000000000000e+00
1.000000000000000000e+00
1.000000000000000000e+00
1.000000000000000000e+00
1.000000000000000000e+00
1.000000000000000000e+00
1.000000000000000000e+00
1.000000000000000000e+00
1.000000000000000000e+00
1.000000000000000000e+00
1.000000000000000000e+00
1.000000000000000000e+00
1.000000000000000000e+00
1.000000000000000000e+00
1.000000000000000000e+00
1.000000000000000000e+00
1.000000000000000000e+00
1.000000000000000000e+00
1.000000000000000000e+00
1.000000000000000000e+00
1.000000000000000000e+00
1.000000000000000000e+00
1.000000000000000000e+00
1.000000000000000000e+00
1.000000000000000000e+00
1.000000000000000000e+00
1.000000000000000000e+00
1.000000000000000000e+00
1.000000000000000000e+00
1.000000000000000000e+00
1.000000000000000000e+00
1.000000000000000000e+00
1.000000000000000000e+00
1.000000000000000000e+00
1.000000000000000000e+00
1.000000000000000000e+00
1.000000000000000000e+00
1.000000000000000000e+00
9.999999999999997780e-01
9.999999999999992228e-01
9.999999999999992228e-01
1.000000000000001998e+00
1.000000000000004441e+00
9.999999999999944489e-01
9.999999999999743538e-01
9.999999999999888978e-01
1.000000000000087930e+00
1.000000000000147438e+00
9.999999999998295808e-01
9.999999999992055244e-01
9.999999999996243005e-01
1.000000000002494005e+00
1.000000000004684919e+00
9.999999999972094544e-01
9.999999999794485506e-01
9.999999999813919960e-01
1.000000000044485748e+00
1.000000000125096378e+00
1.000000000031708858e+00
9.999999996410996461e-01
9.999999993648416297e-01
1.000000000111666676e+00
1.000000001938720295e+00
1.000000002351405737e+00
9.999999974662499014e-01
9.999999876794056775e-01
9.999999801644765540e-01
9.999999799336687367e-01
9.999999797173918514e-01
9.999917774857001174e-01
9.999462453930123562e-01
9.998802304009907216e-01
9.998392606948417471e-01
9.998351241956148217e-01
9.998250418757200775e-01
9.954391204053907316e-01
9.788340706821019310e-01
9.495519526202936822e-01
9.125385127954476205e-01
8.735845980721286264e-01
8.365637625332867922e-01
8.029642847185259891e-01
7.728474722725017232e-01
7.458132107748052242e-01
7.214054205859319335e-01
6.992671412863414870e-01
6.791348659277296473e-01
6.609195206810458689e-01
6.448303704658191471e-01
6.315245686030226402e-01
6.219831993834656902e-01
6.169036467386753708e-01
6.162372974987565533e-01
6.214322716544515846e-01
6.303633495911077356e-01
6.350683703937302083e-01
6.348802652659930601e-01
6.348747346543918146e-01
6.350052222715798500e-01
6.347396795278278381e-01
6.331915535902735703e-01
6.308682549567631304e-01
6.286832042921929320e-01
6.272741797577733314e-01
6.264615150928910525e-01
6.255327321329042789e-01
6.241282280058980669e-01
6.228204388895131061e-01
6.225233348077046092e-01
6.236770614813360591e-01
6.258719691241129146e-01
6.272841824349331130e-01
6.275931317760992112e-01
6.267489482331327633e-01
6.357465810847410248e-01
7.300926524431636810e-01
7.734343045222534796e-01
7.191060118904786247e-01
6.860325005063313553e-01
6.893489929281803041e-01
6.989888061942330921e-01
7.075584655986797422e-01
7.099091089638496221e-01
7.049280569242034611e-01
6.431779488853034410e-01
5.088584677768294151e-01
3.566818763515921531e-01
2.653010371048480365e-01
2.494197112656525162e-01
2.503982233940093005e-01
2.560956183700179856e-01
2.482893971346799566e-01
2.035711928252607605e-01
1.523070983493612363e-01
1.258080415583730238e-01
1.223239168209320493e-01
1.223869106306531979e-01
1.225773419786680279e-01
1.225263794880055573e-01
1.224270192163678939e-01
1.224609916658948722e-01
1.227637689032750473e-01
1.231126688242977218e-01
1.233665511398267106e-01
1.234932561315998517e-01
1.234815736954659737e-01
1.233217605107506804e-01
1.229470707641491245e-01
1.222962797484842268e-01
1.213990913100627678e-01
1.205541408604902248e-01
1.204016149989102780e-01
1.215964631401702523e-01
1.241996104219810076e-01
1.273616555552939955e-01
1.297298939929578954e-01
1.303310698029201686e-01
1.291869827304868990e-01
1.272276284930988488e-01
1.256298422520785441e-01
1.250325374742354834e-01
1.250083716119761434e-01
1.250082478548699416e-01
1.250069067845256954e-01
1.250036258384749077e-01
1.250008112221487333e-01
1.250000090647554185e-01
1.250000067779834523e-01
1.250000075163961999e-01
1.250000048649387852e-01
1.250000012816230022e-01
1.249999992860368891e-01
1.249999992053405784e-01
1.249999998502455134e-01
1.250000002134026844e-01
1.250000001664713367e-01
1.250000000141467116e-01
1.249999999535816864e-01
1.249999999739778156e-01
1.250000000026214031e-01
1.250000000090471519e-01
1.250000000030525027e-01
1.249999999986120269e-01
1.249999999985776655e-01
1.249999999998453737e-01
1.250000000003351486e-01
1.250000000001621481e-01
1.249999999999666933e-01
1.249999999999460015e-01
1.249999999999909656e-01
1.250000000000109079e-01
1.250000000000054956e-01
1.249999999999987510e-01
1.249999999999982236e-01
1.249999999999997918e-01
1.250000000000003331e-01
1.250000000000001110e-01
1.250000000000000000e-01
1.250000000000000000e-01
1.250000000000000000e-01
1.250000000000000000e-01
1.250000000000000000e-01
1.250000000000000000e-01
1.250000000000000000e-01
1.250000000000000000e-01
1.250000000000000000e-01
1.250000000000000000e-01
1.250000000000000000e-01
1.250000000000000000e-01
1.250000000000000000e-01
1.250000000000000000e-01
1.250000000000000000e-01
1.250000000000000000e-01
1.250000000000000000e-01
1.250000000000000000e-01
1.250000000000000000e-01
1.250000000000000000e-01
1.250000000000000000e-01
1.250000000000000000e-01
1.250000000000000000e-01
1.250000000000000000e-01
1.250000000000000000e-01
1.250000000000000000e-01
1.250000000000000000e-01
1.250000000000000000e-01
1.250000000000000000e-01
1.250000000000000000e-01
1.250000000000000000e-01
1.250000000000000000e-01
1.250000000000000000e-01
1.250000000000000000e-01
1.250000000000000000e-01
1.250000000000000000e-01
1.250000000000000000e-01
1.250000000000000000e-01
1.250000000000000000e-01
1.250000000000000000e-01
1.250000000000000000e-01
1.250000000000000000e-01
1.250000000000000000e-01
1.250000000000000000e-01
1.250000000000000000e-01
1.250000000000000000e-01
1.250000000000000000e-01
1.250000000000000000e-01
1.250000000000000000e-01
1.250000000000000000e-01
