1.000000000000000000e+00
1.000000000000000000e+00
1.000000000000000000e+00
1.000000000000000000e+00
1.000000000000000000e+00
1.000000000000000000e+00
1.000000000000000000e+00
1.000000000000000000e+00
1.000000000000000000e+00
1.000000000000000000e+00
1.000000000000000000e+00
1.000000000000000000e+00
1.000000000000000000e+00
1.000000000000000000e+00
1.000000000000000000e+00
1.000000000000000000e+00
1.000000000000000000e+00
1.000000000000000000e+00
1.000000000000000000e+00
1.000000000000000000e+00
1.000000000000000000e+00
1.000000000000000000e+00
1.000000000000000000e+00
1.000000000000000000e+00
1.000000000000000000e+00
1.000000000000000000e+00
1.000000000000000000e+00
1.000000000000000000e+00
1.000000000000000000e+00
1.000000000000000000e+00
1.000000000000000000e+00
1.000000000000000000e+00
1.000000000000000000e+00
1.000000000000000000e+00
1.000000000000000000e+00
1.000000000000000000e+00
1.000000000000000000e+00
1.000000000000000000e+00
1.000000000000000000e+00
1.000000000000000000e+00
1.000000000000000000e+00
1.000000000000000000e+00
1.000000000000000000e+00
1.000000000000000000e+00
1.000000000000000000e+00
1.000000000000000000e+00
1.000000000000000000e+00
1.000000000000000000e+00
1.000000000000000000e+00
1.000000000000000000e+00
1.000000000000000000e+00
1.000000000000000000e+00
1.000000000000000000e+00
9.999999999999997780e-01
9.999999999999987788e-01
9.999999999999996669e-01
1.000000000000003109e+00
1.000000000000002442e+00
9.999999999999866773e-01
9.999999999999704681e-01
1.000000000000012657e+00
1.000000000000129896e+00
1.000000000000108802e+00
9.999999999996327382e-01
9.999999999991043831e-01
1.000000000000189404e+00
1.000000000003540723e+00
1.000000000004076295e+00
9.999999999929546357e-01
9.999999999760040836e-01
9.999999999905260228e-01
1.000000000066946004e+00
1.000000000126471278e+00
9.999999999674866746e-01
9.999999995526042129e-01
9.999999994192600994e-01
1.000000000409316803e+00
1.000000002195739146e+00
1.000000001924849835e+00
9.999999961284224970e-01
9.999999862984012555e-01
9.999999804282768689e-01
9.999999798409806573e-01
9.999999804905946865e-01
9.999881302746038703e-01
9.999387077564161341e-01
9.998748921384362776e-01
9.998403659104316832e-01
9.998377679083694236e-01
9.997281741249745002e-01
9.946264937606937862e-01
9.774170770416429344e-01
9.484303499331557807e-01
9.124877619160410847e-01
8.749438418494660530e-01
8.393093179566937234e-01
8.068509670108876541e-01
7.776434466360074849e-01
7.513009657185694135e-01
7.274279433773939152e-01
7.056861322255006952e-01
6.858202690940772284e-01
6.676896972286354703e-01
6.513583820581777539e-01
6.372484515772940394e-01
6.261794703113693350e-01
6.191000807487140323e-01
6.163349319373802038e-01
6.178642355788358520e-01
6.257771026404895798e-01
6.336570897729645324e-01
6.347163746854742605e-01
6.349597666332944534e-01
6.351813499709083599e-01
6.350136175337378619e-01
6.338198079152417286e-01
6.318786677689454123e-01
6.297822775000820883e-01
6.280479560223640734e-01
6.267963997325348702e-01
6.258559137911051673e-01
6.248309248511051406e-01
6.236568669119960662e-01
6.227508452003357453e-01
6.226657845565227722e-01
6.241267132353389702e-01
6.266061296111355983e-01
6.284619570963186908e-01
6.287732657028205496e-01
6.279407544230074523e-01
6.264306686795646506e-01
6.311815518667673874e-01
7.236507401206070389e-01
7.721414257665762948e-01
7.246400945295911056e-01
6.890988288592628797e-01
6.904639259741635060e-01
6.971619740880790062e-01
7.046044182582118509e-01
7.083184316270340064e-01
7.091953479894281820e-01
6.924318793099839553e-01
5.973344795211411595e-01
4.445793347501645898e-01
3.094754122699046039e-01
2.549467742048601715e-01
2.518936220766283540e-01
2.545508863023418500e-01
2.566807310018959232e-01
2.464323479999868394e-01
1.981993363323544255e-01
1.496410604381419318e-01
1.254610184270494311e-01
1.224114083769710232e-01
1.225062208651502144e-01
1.225581996706137378e-01
1.224962453876378005e-01
1.223443776353960455e-01
1.222985947410121094e-01
1.224646668542445915e-01
1.227525427116921558e-01
1.230468861311911632e-01
1.232823031202995856e-01
1.234408676610318084e-01
1.234953092495218036e-01
1.233968078209537744e-01
1.230885447742462863e-01
1.225107488513898085e-01
1.216539324264253596e-01
1.207375444636894085e-01
1.203278015538304657e-01
1.211180953760751938e-01
1.233658348212948314e-01
1.264651111972592001e-01
1.291601134110240690e-01
1.303175670322574142e-01
1.296467608750556666e-01
1.278344326729292102e-01
1.260410589013342686e-01
1.251153142601285906e-01
1.250082300951780578e-01
1.250081614697084176e-01
1.250075152214101259e-01
1.250047105383527424e-01
1.250015819551801854e-01
1.250001044293549135e-01
1.250000077441075497e-01
1.250000088473334214e-01
1.250000063166809838e-01
1.250000024168753665e-01
1.249999998408192481e-01
1.249999990901949909e-01
1.249999995895340749e-01
1.250000001196002741e-01
1.250000002151749612e-01
1.250000000739374673e-01
1.249999999665711847e-01
1.249999999599820250e-01
1.249999999918257609e-01
1.250000000087332919e-01
1.250000000063534733e-01
1.250000000001110501e-01
1.249999999981815796e-01
1.249999999992365551e-01
1.250000000002174927e-01
1.250000000002950973e-01
1.250000000000488776e-01
1.249999999999377998e-01
1.249999999999652500e-01
1.250000000000042744e-01
1.250000000000101030e-01
1.250000000000021372e-01
1.249999999999981404e-01
1.249999999999988065e-01
1.250000000000000555e-01
1.250000000000002776e-01
1.250000000000000555e-01
1.250000000000000000e-01
1.250000000000000000e-01
1.250000000000000000e-01
1.250000000000000000e-01
1.250000000000000000e-01
1.250000000000000000e-01
1.250000000000000000e-01
1.250000000000000000e-01
1.250000000000000000e-01
1.250000000000000000e-01
1.250000000000000000e-01
1.250000000000000000e-01
1.250000000000000000e-01
1.250000000000000000e-01
1.250000000000000000e-01
1.250000000000000000e-01
1.250000000000000000e-01
1.250000000000000000e-01
1.250000000000000000e-01
1.250000000000000000e-01
1.250000000000000000e-01
1.250000000000000000e-01
1.250000000000000000e-01
1.250000000000000000e-01
1.250000000000000000e-01
1.250000000000000000e-01
1.250000000000000000e-01
1.250000000000000000e-01
1.250000000000000000e-01
1.250000000000000000e-01
1.250000000000000000e-01
1.250000000000000000e-01
1.250000000000000000e-01
1.250000000000000000e-01
1.250000000000000000e-01
1.250000000000000000e-01
1.250000000000000000e-01
1.250000000000000000e-01
1.250000000000000000e-01
1.250000000000000000e-01
1.250000000000000000e-01
1.250000000000000000e-01
1.250000000000000000e-01
1.250000000000000000e-01
1.250000000000000000e-01
1.250000000000000000e-01
1.250000000000000000e-01
