1.000000000000000000e+00
1.000000000000000000e+00
1.000000000000000000e+00
1.000000000000000000e+00
1.000000000000000000e+00
1.000000000000000000e+00
1.000000000000000000e+00
1.000000000000000000e+00
1.000000000000000000e+00
1.000000000000000000e+00
1.000000000000000000e+00
1.000000000000000000e+00
1.000000000000000000e+00
1.000000000000000000e+00
1.000000000000000000e+00
1.000000000000000000e+00
1.000000000000000000e+00
1.000000000000000000e+00
1.000000000000000000e+00
1.000000000000000000e+00
1.000000000000000000e+00
1.000000000000000000e+00
1.000000000000000000e+00
1.000000000000000000e+00
1.000000000000000000e+00
1.000000000000000000e+00
1.000000000000000000e+00
1.000000000000000000e+00
1.000000000000000000e+00
1.000000000000000000e+00
1.000000000000000000e+00
1.000000000000000000e+00
1.000000000000000000e+00
1.000000000000000000e+00
1.000000000000000000e+00
1.000000000000000000e+00
1.000000000000000000e+00
1.000000000000000000e+00
1.000000000000000000e+00
1.000000000000000000e+00
1.000000000000000000e+00
1.000000000000000000e+00
1.000000000000000000e+00
1.000000000000000000e+00
1.000000000000000000e+00
1.000000000000000000e+00
1.000000000000000000e+00
1.000000000000000000e+00
1.000000000000000000e+00
1.000000000000000000e+00
9.999999999999997780e-01
9.999999999999991118e-01
9.999999999999988898e-01
1.000000000000001332e+00
1.000000000000004441e+00
9.999999999999991118e-01
9.999999999999782396e-01
9.999999999999720224e-01
1.000000000000045519e+00
1.000000000000160760e+00
1.000000000000024869e+00
9.999999999994206856e-01
9.999999999991395772e-01
1.000000000000967892e+00
1.000000000004400480e+00
1.000000000002579714e+00
9.999999999882411839e-01
9.999999999746780333e-01
1.000000000003421041e+00
1.000000000087777785e+00
1.000000000115992105e+00
9.999999998935598100e-01
9.999999994819617211e-01
9.999999995175105072e-01
1.000000000715559612e+00
1.000000002374787922e+00
1.000000001374641290e+00
9.999999946797579753e-01
9.999999849881637815e-01
9.999999803660369890e-01
9.999999816056059920e-01
9.999999587451812166e-01
9.999836085903838212e-01
9.999314708487265779e-01
9.998701262065522455e-01
9.998422282401935313e-01
9.998404356546846117e-01
9.996045328168899902e-01
9.937493098943704917e-01
9.760253966189511576e-01
9.473563829072882969e-01
9.124148351863413664e-01
8.762062499518185055e-01
8.418369523195108339e-01
8.104626772945573432e-01
7.821060027459789676e-01
7.564301815402331153e-01
7.330776744923720445e-01
7.117329915618804126e-01
6.921592644448879561e-01
6.741866195107253379e-01
6.577914071709801691e-01
6.432065275409760696e-01
6.310377358010175186e-01
6.221985418060931305e-01
6.173047648710341395e-01
6.165958328802568778e-01
6.212473438101464573e-01
6.303655869219401131e-01
6.342830320252872411e-01
6.351794817925429104e-01
6.351371363537837711e-01
6.349438671409602941e-01
6.342427712677030094e-01
6.329689564470794005e-01
6.310307427443000439e-01
6.289053682826553082e-01
6.271724735107334636e-01
6.261205394454639750e-01
6.253662599491698337e-01
6.243938314509633880e-01
6.232754103877148344e-01
6.226657785304277049e-01
6.231220793458359664e-01
6.251479034673467217e-01
6.273171956105494385e-01
6.285522688217110021e-01
6.291326637316307924e-01
6.286026376202147326e-01
6.265132161713626857e-01
6.262098896779701995e-01
6.322840731017733695e-01
7.154059334963877026e-01
7.648544938729985310e-01
7.339071195861861518e-01
6.939481794060686770e-01
6.917039890211725828e-01
6.951594404448341313e-01
7.019659554153820924e-01
7.059948741231714120e-01
7.091437030186178436e-01
7.076321363204141068e-01
6.645597917304105762e-01
5.402411998515103120e-01
3.866831287164468334e-01
2.795982166374416655e-01
2.517701891150002091e-01
2.518891483548472143e-01
2.551940545562643714e-01
2.589702758715628494e-01
2.451668266436327626e-01
1.941474671420080067e-01
1.467195338026641149e-01
1.247906885662423970e-01
1.225728391284046648e-01
1.226897866851605207e-01
1.226576737244933213e-01
1.224708314853931307e-01
1.223065816206152373e-01
1.222675300162309464e-01
1.223471368251343311e-01
1.224919552886614554e-01
1.226940569271090520e-01
1.229362440270235224e-01
1.231925554735705253e-01
1.234014641347391805e-01
1.235028126692541278e-01
1.234498320422311307e-01
1.232044153969238109e-01
1.227048243395022359e-01
1.219075951454104551e-01
1.209589463534952863e-01
1.203442216879390403e-01
1.207581994222925309e-01
1.226147447440887051e-01
1.255542548805399783e-01
1.284694132410032497e-01
1.301365943703590156e-01
1.299838835186782893e-01
1.284302009521251231e-01
1.265324319924900354e-01
1.252948484330571877e-01
1.250080934394534604e-01
1.250080284278798637e-01
1.250077881705503602e-01
1.250057189156061621e-01
1.250025311089262847e-01
1.250003801420672966e-01
1.250000072909065174e-01
1.250000083624962788e-01
1.250000075773899100e-01
1.250000038487730225e-01
1.250000006835555455e-01
1.249999991646519315e-01
1.249999993373480806e-01
1.249999999512242110e-01
1.250000002197550197e-01
1.250000001397512661e-01
1.249999999996200400e-01
1.249999999537496215e-01
1.249999999775572995e-01
1.250000000041211756e-01
1.250000000089155350e-01
1.250000000027168545e-01
1.249999999984947596e-01
1.249999999985653282e-01
1.249999999998526456e-01
1.250000000003518297e-01
1.250000000001765810e-01
1.249999999999681644e-01
1.249999999999399647e-01
1.249999999999872047e-01
1.250000000000114353e-01
1.250000000000071332e-01
1.249999999999993477e-01
1.249999999999978489e-01
1.249999999999993894e-01
1.250000000000003053e-01
1.250000000000002776e-01
1.250000000000000000e-01
1.249999999999999445e-01
1.250000000000000000e-01
1.250000000000000000e-01
1.250000000000000000e-01
1.250000000000000000e-01
1.250000000000000000e-01
1.250000000000000000e-01
1.250000000000000000e-01
1.250000000000000000e-01
1.250000000000000000e-01
1.250000000000000000e-01
1.250000000000000000e-01
1.250000000000000000e-01
1.250000000000000000e-01
1.250000000000000000e-01
1.250000000000000000e-01
1.250000000000000000e-01
1.250000000000000000e-01
1.250000000000000000e-01
1.250000000000000000e-01
1.250000000000000000e-01
1.250000000000000000e-01
1.250000000000000000e-01
1.250000000000000000e-01
1.250000000000000000e-01
1.250000000000000000e-01
1.250000000000000000e-01
1.250000000000000000e-01
1.250000000000000000e-01
1.250000000000000000e-01
1.250000000000000000e-01
1.250000000000000000e-01
1.250000000000000000e-01
1.250000000000000000e-01
1.250000000000000000e-01
1.250000000000000000e-01
1.250000000000000000e-01
1.250000000000000000e-01
1.250000000000000000e-01
1.250000000000000000e-01
1.250000000000000000e-01
1.250000000000000000e-01
1.250000000000000000e-01
1.250000000000000000e-01
