1.000000000000000000e+00
1.000000000000000000e+00
1.000000000000000000e+00
1.000000000000000000e+00
1.000000000000000000e+00
1.000000000000000000e+00
1.000000000000000000e+00
1.000000000000000000e+00
1.000000000000000000e+00
1.000000000000000000e+00
1.000000000000000000e+00
1.000000000000000000e+00
1.000000000000000000e+00
1.000000000000000000e+00
1.000000000000000000e+00
1.000000000000000000e+00
1.000000000000000000e+00
1.000000000000000000e+00
1.000000000000000000e+00
1.000000000000000000e+00
1.000000000000000000e+00
1.000000000000000000e+00
1.000000000000000000e+00
1.000000000000000000e+00
1.000000000000000000e+00
1.000000000000000000e+00
1.000000000000000000e+00
1.000000000000000000e+00
1.000000000000000000e+00
1.000000000000000000e+00
1.000000000000000000e+00
1.000000000000000000e+00
1.000000000000000000e+00
1.000000000000000000e+00
1.000000000000000000e+00
1.000000000000000000e+00
1.000000000000000000e+00
1.000000000000000000e+00
1.000000000000000000e+00
1.000000000000000000e+00
1.000000000000000000e+00
1.000000000000000000e+00
1.000000000000000000e+00
1.000000000000000000e+00
1.000000000000000000e+00
1.000000000000000000e+00
1.000000000000000000e+00
9.999999999999997780e-01
9.999999999999988898e-01
9.999999999999980016e-01
1.000000000000000444e+00
1.000000000000004441e+00
1.000000000000002220e+00
9.999999999999833467e-01
9.999999999999672484e-01
1.000000000000019984e+00
1.000000000000144995e+00
1.000000000000107470e+00
9.999999999995965450e-01
9.999999999990603072e-01
1.000000000000179412e+00
1.000000000003576472e+00
1.000000000004310774e+00
9.999999999937445594e-01
9.999999999766029379e-01
9.999999999871274081e-01
1.000000000057030380e+00
1.000000000124207089e+00
1.000000000006359357e+00
9.999999996285440229e-01
9.999999994069025400e-01
1.000000000120903287e+00
1.000000001796518490e+00
1.000000002279056943e+00
9.999999981849891917e-01
9.999999889471014036e-01
9.999999815371947154e-01
9.999999825341849835e-01
9.999999816436065947e-01
9.999951543576743873e-01
9.999590019213844272e-01
9.998979612738663203e-01
9.998518170352589385e-01
9.998437458262144917e-01
9.998426263260908886e-01
9.979458400793553841e-01
9.867436786902100687e-01
9.640671955238453439e-01
9.329755149578361495e-01
8.983427935872212444e-01
8.641066158983141676e-01
8.322198616351055289e-01
8.031870509326349827e-01
7.768263540550404134e-01
7.528173693147899304e-01
7.308493214110384217e-01
7.106688565088175036e-01
6.920666483256927570e-01
6.749014307892242659e-01
6.591393971122901929e-01
6.449613557916209494e-01
6.328744766675741262e-01
6.237159724065938216e-01
6.182095354587188174e-01
6.166386715446943168e-01
6.197540608664683370e-01
6.284604555843877893e-01
6.339449729299015956e-01
6.350756351455191240e-01
6.351135332108378551e-01
6.348450084755854483e-01
6.343748060584277759e-01
6.333445118417202480e-01
6.314595469922810178e-01
6.292332156612867600e-01
6.273608815813763728e-01
6.262631199696582218e-01
6.255685454088265596e-01
6.246493162792700060e-01
6.234608339448127756e-01
6.226852756952695467e-01
6.229117365763202629e-01
6.248188387906195018e-01
6.270414976014916375e-01
6.282016850947228503e-01
6.285092364140346666e-01
6.285064342266125648e-01
6.279627946027247498e-01
6.277781230369688936e-01
6.266959882121995173e-01
6.259269341531644715e-01
6.311969325562777344e-01
7.081743180422456208e-01
7.633100007101744078e-01
7.409878782610852532e-01
6.977235805401797997e-01
6.916868479451768748e-01
6.914333854037317817e-01
7.002431254414187567e-01
7.068498090933884592e-01
7.074877243226941337e-01
7.059763627148376575e-01
7.001750962273300960e-01
6.387424913625621148e-01
5.024376531870533569e-01
3.522067599233895119e-01
2.646817514253957393e-01
2.512364617907082986e-01
2.524610272604676520e-01
2.583420351427883066e-01
2.604222740821462989e-01
2.483986359217462414e-01
1.998511861374538401e-01
1.506585458797005395e-01
1.254736361272864864e-01
1.226889708630324594e-01
1.227147685817127631e-01
1.228152739096346618e-01
1.226664005922406542e-01
1.223974073145052271e-01
1.222813447293522177e-01
1.223130702581823742e-01
1.223738702983461490e-01
1.224228943888132082e-01
1.225185582307757454e-01
1.227178625998064238e-01
1.229940016314453738e-01
1.232622860254956598e-01
1.234467357110779623e-01
1.235033555020072921e-01
1.234061532885804141e-01
1.231067514607100538e-01
1.225245525581154793e-01
1.216485974613975424e-01
1.207232526358372748e-01
1.203267486304613471e-01
1.211180587265239805e-01
1.233183860092664508e-01
1.263433231330740592e-01
1.290063362937081959e-01
1.302236475776454849e-01
1.296782429212530452e-01
1.279659848339777806e-01
1.261713651671831915e-01
1.251659700331564373e-01
1.250078743243095147e-01
1.250078088431311463e-01
1.250073834423830466e-01
1.250050731677236626e-01
1.250020085414890181e-01
1.250002042967983396e-01
1.250000065606535482e-01
1.250000073487153862e-01
1.250000064396237787e-01
1.250000031624722840e-01
1.250000003305178353e-01
1.249999991513710135e-01
1.249999994211949683e-01
1.250000000026151858e-01
1.250000002196594573e-01
1.250000001230460456e-01
1.249999999912357607e-01
1.249999999543778967e-01
1.249999999800586875e-01
1.250000000050681959e-01
1.250000000087360952e-01
1.250000000024345248e-01
1.249999999984126864e-01
1.249999999985803578e-01
1.249999999998715611e-01
1.250000000003605172e-01
1.250000000001803002e-01
1.249999999999678313e-01
1.249999999999375777e-01
1.249999999999857614e-01
1.250000000000116018e-01
1.250000000000076883e-01
1.249999999999995282e-01
1.249999999999978351e-01
1.249999999999993339e-01
1.250000000000002776e-01
1.250000000000002220e-01
1.250000000000000000e-01
1.249999999999999722e-01
1.250000000000000000e-01
1.250000000000000000e-01
1.250000000000000000e-01
1.250000000000000000e-01
1.250000000000000000e-01
1.250000000000000000e-01
1.250000000000000000e-01
1.250000000000000000e-01
1.250000000000000000e-01
1.250000000000000000e-01
1.250000000000000000e-01
1.250000000000000000e-01
1.250000000000000000e-01
1.250000000000000000e-01
1.250000000000000000e-01
1.250000000000000000e-01
1.250000000000000000e-01
1.250000000000000000e-01
1.250000000000000000e-01
1.250000000000000000e-01
1.250000000000000000e-01
1.250000000000000000e-01
1.250000000000000000e-01
1.250000000000000000e-01
1.250000000000000000e-01
1.250000000000000000e-01
1.250000000000000000e-01
1.250000000000000000e-01
1.250000000000000000e-01
1.250000000000000000e-01
1.250000000000000000e-01
1.250000000000000000e-01
1.250000000000000000e-01
1.250000000000000000e-01
1.250000000000000000e-01
1.250000000000000000e-01
1.250000000000000000e-01
1.250000000000000000e-01
1.250000000000000000e-01
1.250000000000000000e-01
