1.000000000000000000e+00
1.000000000000000000e+00
1.000000000000000000e+00
1.000000000000000000e+00
1.000000000000000000e+00
1.000000000000000000e+00
1.000000000000000000e+00
1.000000000000000000e+00
1.000000000000000000e+00
1.000000000000000000e+00
1.000000000000000000e+00
1.000000000000000000e+00
1.000000000000000000e+00
1.000000000000000000e+00
1.000000000000000000e+00
1.000000000000000000e+00
1.000000000000000000e+00
1.000000000000000000e+00
1.000000000000000000e+00
1.000000000000000000e+00
1.000000000000000000e+00
1.000000000000000000e+00
1.000000000000000000e+00
1.000000000000000000e+00
1.000000000000000000e+00
1.000000000000000000e+00
1.000000000000000000e+00
1.000000000000000000e+00
1.000000000000000000e+00
1.000000000000000000e+00
1.000000000000000000e+00
1.000000000000000000e+00
1.000000000000000000e+00
1.000000000000000000e+00
1.000000000000000000e+00
1.000000000000000000e+00
1.000000000000000000e+00
1.000000000000000000e+00
1.000000000000000000e+00
1.000000000000000000e+00
1.000000000000000000e+00
1.000000000000000000e+00
1.000000000000000000e+00
1.000000000000000000e+00
1.000000000000000000e+00
9.999999999999995559e-01
9.999999999999986677e-01
9.999999999999984457e-01
1.000000000000001110e+00
1.000000000000004885e+00
9.999999999999980016e-01
9.999999999999744649e-01
9.999999999999721334e-01
1.000000000000055289e+00
1.000000000000171863e+00
1.000000000000018874e+00
9.999999999993900435e-01
9.999999999990991650e-01
1.000000000000918376e+00
1.000000000004401812e+00
1.000000000003017364e+00
9.999999999894531033e-01
9.999999999748745427e-01
9.999999999976749709e-01
1.000000000076336937e+00
1.000000000120411681e+00
9.999999999471667067e-01
9.999999995551449583e-01
9.999999994571040496e-01
1.000000000374647868e+00
1.000000002034932667e+00
1.000000001972895625e+00
9.999999970039146202e-01
9.999999875000495919e-01
9.999999814632429818e-01
9.999999837678112957e-01
9.999999824699830064e-01
9.999927268250702328e-01
9.999524804921664511e-01
9.998921822230840695e-01
9.998515006344903533e-01
9.998460315960516764e-01
9.998448216933867316e-01
9.974292510730257133e-01
9.855365442996126824e-01
9.627962425743176178e-01
9.322901868123356639e-01
8.987130056448285886e-01
8.656164134931493281e-01
8.347712943205944924e-01
8.065957732141494363e-01
7.809303319196493343e-01
7.574776990200239313e-01
7.359545794434422250e-01
7.161281394513547838e-01
6.978009600743442231e-01
6.808265426376114426e-01
6.651289990484370307e-01
6.507815811875508061e-01
6.381093483218965856e-01
6.277824275304443313e-01
6.206107284095936372e-01
6.172059667789326909e-01
6.174206327912712400e-01
6.239000434085100188e-01
6.318968558939587199e-01
6.349302633303197663e-01
6.347773866571072565e-01
6.347142223336960098e-01
6.347388712326942350e-01
6.342524426580564700e-01
6.325092408284858081e-01
6.300682375842852068e-01
6.280042933204905697e-01
6.268326777395378802e-01
6.261117263243911601e-01
6.251619737141629329e-01
6.238789173974791380e-01
6.228842177149643833e-01
6.227369925286322383e-01
6.237741516925787710e-01
6.259775660368683825e-01
6.277522782689248793e-01
6.284555984412921736e-01
6.285217044050985802e-01
6.280707932405618088e-01
6.276016864126924277e-01
6.275460093071097978e-01
6.275124108072168694e-01
6.267991456624907309e-01
6.261221594859357475e-01
6.313095773803670818e-01
6.966033245186288303e-01
7.631597220674687376e-01
7.478611528532974617e-01
7.029684251115336791e-01
6.909681085810078782e-01
6.906493450719671801e-01
6.999787056249963113e-01
7.043603605173008875e-01
7.041901060108752830e-01
7.048115518831318260e-01
7.056189681292512894e-01
6.878506369367580753e-01
5.910582782247386646e-01
4.411861662230371905e-01
3.104681778559628680e-01
2.557253938026731732e-01
2.517225538876111113e-01
2.534084627322578109e-01
2.582011081033891431e-01
2.607398842468517941e-01
2.466003154249319651e-01
1.967060956195443300e-01
1.478468174331455942e-01
1.244167205692270350e-01
1.226214380839719537e-01
1.227426246088709344e-01
1.228410046390473326e-01
1.227470438930877289e-01
1.225202082710383084e-01
1.223889183240891021e-01
1.223578285412420669e-01
1.223697915237520611e-01
1.223686421674705926e-01
1.223764932513729808e-01
1.224606039756028636e-01
1.226536449812799662e-01
1.229210238782007941e-01
1.231928795021628026e-01
1.234009673124529943e-01
1.234982497063483037e-01
1.234543776920658809e-01
1.232234693532805597e-01
1.227233591721557937e-01
1.219079355887537908e-01
1.209457064838528745e-01
1.203389447459912165e-01
1.207605216944066528e-01
1.225843798653001027e-01
1.254534427200466873e-01
1.283181357718198856e-01
1.300177583204639720e-01
1.299787440661814564e-01
1.285349960380826884e-01
1.266750353429146603e-01
1.253777149477819652e-01
1.250077767773691562e-01
1.250077054959173317e-01
1.250075808252395781e-01
1.250059126082350980e-01
1.250029410272143204e-01
1.250005982497534307e-01
1.250000032194178434e-01
1.250000056481360700e-01
1.250000088319386249e-01
1.250000042750479545e-01
1.250000011882317075e-01
1.249999994118019125e-01
1.249999992323460873e-01
1.249999997980648370e-01
1.250000001789159931e-01
1.250000001799805582e-01
1.250000000373034104e-01
1.249999999585882648e-01
1.249999999661421668e-01
1.249999999966584646e-01
1.250000000093449415e-01
1.250000000055144778e-01
1.249999999996307398e-01
1.249999999981393911e-01
1.249999999992976868e-01
1.250000000002544354e-01
1.250000000003111122e-01
1.250000000000520139e-01
1.249999999999316658e-01
1.249999999999589911e-01
1.250000000000036082e-01
1.250000000000125178e-01
1.250000000000033029e-01
1.249999999999977518e-01
1.249999999999982930e-01
1.249999999999998335e-01
1.250000000000003886e-01
1.250000000000001943e-01
1.249999999999999584e-01
1.249999999999999445e-01
1.250000000000000000e-01
1.250000000000000000e-01
1.250000000000000000e-01
1.250000000000000000e-01
1.250000000000000000e-01
1.250000000000000000e-01
1.250000000000000000e-01
1.250000000000000000e-01
1.250000000000000000e-01
1.250000000000000000e-01
1.250000000000000000e-01
1.250000000000000000e-01
1.250000000000000000e-01
1.250000000000000000e-01
1.250000000000000000e-01
1.250000000000000000e-01
1.250000000000000000e-01
1.250000000000000000e-01
1.250000000000000000e-01
1.250000000000000000e-01
1.250000000000000000e-01
1.250000000000000000e-01
1.250000000000000000e-01
1.250000000000000000e-01
1.250000000000000000e-01
1.250000000000000000e-01
1.250000000000000000e-01
1.250000000000000000e-01
1.250000000000000000e-01
1.250000000000000000e-01
1.250000000000000000e-01
1.250000000000000000e-01
1.250000000000000000e-01
1.250000000000000000e-01
1.250000000000000000e-01
1.250000000000000000e-01
1.250000000000000000e-01
