1.000000000000000000e+00
1.000000000000000000e+00
1.000000000000000000e+00
1.000000000000000000e+00
1.000000000000000000e+00
1.000000000000000000e+00
1.000000000000000000e+00
1.000000000000000000e+00
1.000000000000000000e+00
1.000000000000000000e+00
1.000000000000000000e+00
1.000000000000000000e+00
1.000000000000000000e+00
1.000000000000000000e+00
1.000000000000000000e+00
1.000000000000000000e+00
1.000000000000000000e+00
1.000000000000000000e+00
1.000000000000000000e+00
1.000000000000000000e+00
1.000000000000000000e+00
1.000000000000000000e+00
1.000000000000000000e+00
1.000000000000000000e+00
1.000000000000000000e+00
1.000000000000000000e+00
1.000000000000000000e+00
1.000000000000000000e+00
1.000000000000000000e+00
1.000000000000000000e+00
1.000000000000000000e+00
1.000000000000000000e+00
1.000000000000000000e+00
1.000000000000000000e+00
1.000000000000000000e+00
1.000000000000000000e+00
1.000000000000000000e+00
1.000000000000000000e+00
1.000000000000000000e+00
1.000000000000000000e+00
1.000000000000000000e+00
1.000000000000000000e+00
1.000000000000000000e+00
9.999999999999993339e-01
9.999999999999983347e-01
9.999999999999988898e-01
1.000000000000002665e+00
1.000000000000005107e+00
9.999999999999925615e-01
9.999999999999678035e-01
9.999999999999840128e-01
1.000000000000095035e+00
1.000000000000178968e+00
9.999999999998868683e-01
9.999999999992001953e-01
9.999999999992945643e-01
1.000000000001789680e+00
1.000000000004918066e+00
1.000000000000962785e+00
9.999999999851181265e-01
9.999999999752123836e-01
1.000000000010891288e+00
1.000000000093496100e+00
1.000000000107119646e+00
9.999999998815229940e-01
9.999999994958772565e-01
9.999999995337509606e-01
1.000000000649102994e+00
1.000000002243488062e+00
1.000000001525895410e+00
9.999999956027606496e-01
9.999999866508323398e-01
9.999999825934526854e-01
9.999999824480452215e-01
9.999999839259391399e-01
9.999897119129310674e-01
9.999459563895549685e-01
9.998873933851208928e-01
9.998516450005834333e-01
9.998478528176245606e-01
9.998467444772074497e-01
9.968224325776857686e-01
9.843557788446086754e-01
9.615387482054423840e-01
9.316439049321544319e-01
8.990459312194075681e-01
8.670240649469361793e-01
8.371536076862462483e-01
8.097852754507365303e-01
7.847836451149688974e-01
7.618635680228028617e-01
7.407750901087085671e-01
7.212968867406133189e-01
7.032482959448178583e-01
6.864823575047922510e-01
6.709033364128915711e-01
6.565142874323832700e-01
6.434992474480155655e-01
6.323412632442879655e-01
6.237914853961578077e-01
6.185927889232235577e-01
6.169663180093556409e-01
6.199414728513151784e-01
6.280416504594422689e-01
6.342382151825799452e-01
6.344554115066600719e-01
6.347887092643342832e-01
6.350603602284891069e-01
6.347426197314410823e-01
6.332341693982252995e-01
6.310050505704106749e-01
6.289740645743788772e-01
6.275802535526984194e-01
6.265510717954234643e-01
6.254866122055492417e-01
6.243330175369319335e-01
6.233982933845123586e-01
6.229666911062085033e-01
6.230969506981071104e-01
6.245860001508912740e-01
6.267788989687835821e-01
6.282923135845462914e-01
6.287888058879219644e-01
6.285041165762322857e-01
6.276727730274225259e-01
6.271620340275152472e-01
6.272465412501151416e-01
6.275472713009628833e-01
6.276347762792665597e-01
6.270142863429486457e-01
6.250676576891065483e-01
6.276700100709134977e-01
6.863092598137812139e-01
7.583259869960323751e-01
7.594328145685679265e-01
7.117340048687635923e-01
6.923895605311152224e-01
6.902158017585866556e-01
6.973146627176892709e-01
7.020935869279952835e-01
7.037850383913168972e-01
7.039577231073942398e-01
7.041606889421418991e-01
7.027179183828308195e-01
6.591668148293062801e-01
5.375483607403115371e-01
3.862032836683043646e-01
2.803397454456739712e-01
2.512620956023984276e-01
2.514147890113281880e-01
2.561913824413914464e-01
2.614732549069696543e-01
2.613085174736652916e-01
2.423049103489188227e-01
1.914540419202303834e-01
1.455043657343352559e-01
1.241227993464094764e-01
1.225517671865101466e-01
1.226728155792956576e-01
1.227580229785398686e-01
1.227325562997007569e-01
1.226159144596670469e-01
1.225256546400008278e-01
1.224765170767252442e-01
1.224255217410758489e-01
1.223732603698561155e-01
1.223403396404664639e-01
1.223458258511227054e-01
1.224284281705516064e-01
1.225981127634188511e-01
1.228432278032910163e-01
1.231157253559187342e-01
1.233478481220391804e-01
1.234824515277118118e-01
1.234853900813459304e-01
1.233173850661651999e-01
1.228988887918722184e-01
1.221583404085082730e-01
1.211955404513451462e-01
1.204292324718278240e-01
1.205147343167920770e-01
1.219439307071727707e-01
1.245790671034277958e-01
1.275443579009841177e-01
1.296597753386697915e-01
1.301390338269501346e-01
1.290523971027392469e-01
1.272225408791007317e-01
1.256836898984410589e-01
1.250470993691815136e-01
1.250075968448662311e-01
1.250074740882222701e-01
1.250066887890346201e-01
1.250039125298600395e-01
1.250011999409809116e-01
1.250000645604827654e-01
1.250000094305235288e-01
1.250000072808401252e-01
1.250000051896901221e-01
1.250000022802808253e-01
1.249999999095797315e-01
1.249999991523171594e-01
1.249999995685077137e-01
1.250000000762647445e-01
1.250000002103035524e-01
1.250000000946521750e-01
1.249999999790834121e-01
1.249999999564546244e-01
1.249999999844857435e-01
1.250000000065914496e-01
1.250000000082818197e-01
1.250000000018599566e-01
1.249999999982694399e-01
1.249999999986420446e-01
1.249999999999260175e-01
1.250000000003740896e-01
1.250000000001783573e-01
1.249999999999643063e-01
1.249999999999347189e-01
1.249999999999845263e-01
1.250000000000122402e-01
1.250000000000086597e-01
1.249999999999995698e-01
1.249999999999974604e-01
1.249999999999992506e-01
1.250000000000003608e-01
1.250000000000003331e-01
1.250000000000000000e-01
1.249999999999999167e-01
1.249999999999999722e-01
1.250000000000000000e-01
1.250000000000000000e-01
1.250000000000000000e-01
1.250000000000000000e-01
1.250000000000000000e-01
1.250000000000000000e-01
1.250000000000000000e-01
1.250000000000000000e-01
1.250000000000000000e-01
1.250000000000000000e-01
1.250000000000000000e-01
1.250000000000000000e-01
1.250000000000000000e-01
1.250000000000000000e-01
1.250000000000000000e-01
1.250000000000000000e-01
1.250000000000000000e-01
1.250000000000000000e-01
1.250000000000000000e-01
1.250000000000000000e-01
1.250000000000000000e-01
1.250000000000000000e-01
1.250000000000000000e-01
1.250000000000000000e-01
1.250000000000000000e-01
1.250000000000000000e-01
1.250000000000000000e-01
1.250000000000000000e-01
1.250000000000000000e-01
1.250000000000000000e-01
1.250000000000000000e-01
1.250000000000000000e-01
1.250000000000000000e-01
1.250000000000000000e-01
