1.000000000000000000e+00
1.000000000000000000e+00
1.000000000000000000e+00
1.000000000000000000e+00
1.000000000000000000e+00
1.000000000000000000e+00
1.000000000000000000e+00
1.000000000000000000e+00
1.000000000000000000e+00
1.000000000000000000e+00
1.000000000000000000e+00
1.000000000000000000e+00
1.000000000000000000e+00
1.000000000000000000e+00
1.000000000000000000e+00
1.000000000000000000e+00
1.000000000000000000e+00
1.000000000000000000e+00
1.000000000000000000e+00
1.000000000000000000e+00
1.000000000000000000e+00
1.000000000000000000e+00
1.000000000000000000e+00
1.000000000000000000e+00
1.000000000000000000e+00
1.000000000000000000e+00
1.000000000000000000e+00
1.000000000000000000e+00
1.000000000000000000e+00
1.000000000000000000e+00
1.000000000000000000e+00
1.000000000000000000e+00
1.000000000000000000e+00
1.000000000000000000e+00
1.000000000000000000e+00
1.000000000000000000e+00
1.000000000000000000e+00
1.000000000000000000e+00
1.000000000000000000e+00
1.000000000000000000e+00
9.999999999999995559e-01
9.999999999999986677e-01
9.999999999999984457e-01
1.000000000000001554e+00
1.000000000000005773e+00
9.999999999999977796e-01
9.999999999999722444e-01
9.999999999999704681e-01
1.000000000000059952e+00
1.000000000000181632e+00
1.000000000000025757e+00
9.999999999993877120e-01
9.999999999990543120e-01
1.000000000000768496e+00
1.000000000004277467e+00
1.000000000003569145e+00
9.999999999911737270e-01
9.999999999755502245e-01
9.999999999915397675e-01
1.000000000063071770e+00
1.000000000121489263e+00
9.999999999975281995e-01
9.999999996357173959e-01
9.999999994209940457e-01
1.000000000080746743e+00
1.000000001680369843e+00
1.000000002323885973e+00
9.999999986276075781e-01
9.999999901513269007e-01
9.999999836089832339e-01
9.999999832105505027e-01
9.999999849985357070e-01
9.999976023714819418e-01
9.999699617189655720e-01
9.999151566271613500e-01
9.998643805172836574e-01
9.998511728694644551e-01
9.998497914401452968e-01
9.991863612878478795e-01
9.920613337850628932e-01
9.748190521632318362e-01
9.489352894835320074e-01
9.183757465322230917e-01
8.868958380769447203e-01
8.568039158028550872e-01
8.289500682896056016e-01
8.034081113705030530e-01
7.799635596522653813e-01
7.583731084606177841e-01
7.384159558104917975e-01
7.199068612955932256e-01
7.026913933523406541e-01
6.866401878475586473e-01
6.716688470781159159e-01
6.577683876764007787e-01
6.450828802672495810e-01
6.340149529567548070e-01
6.252427165648403173e-01
6.195501663287176219e-01
6.172904037794165744e-01
6.188491838877526741e-01
6.261852811510865147e-01
6.334033399437093426e-01
6.342939161959777472e-01
6.348664093184014368e-01
6.351647552229502391e-01
6.347989354793006633e-01
6.333911450176450408e-01
6.313693013796919384e-01
6.294286141458613759e-01
6.279092903363898692e-01
6.266868294564328368e-01
6.255622790291388569e-01
6.245116726134639640e-01
6.236751970044076554e-01
6.231380816274818546e-01
6.230031219281206845e-01
6.240237929232663738e-01
6.262793837623896742e-01
6.281149236433744010e-01
6.287711226517237462e-01
6.285990332092311617e-01
6.279047184612707166e-01
6.273612735023442744e-01
6.272070277165083807e-01
6.272235982643282748e-01
6.272331105525107420e-01
6.272610821409774218e-01
6.263377051959232444e-01
6.246893083072625474e-01
6.211390884218422892e-01
6.236850224669912013e-01
6.852385290208462543e-01
7.610991826251825021e-01
7.580134862169738419e-01
7.165841645611792377e-01
6.976029237166333496e-01
6.915787981216662272e-01
6.948654757050353181e-01
7.013046851452621189e-01
7.047551164050567252e-01
7.029331805519891674e-01
7.007131094877879773e-01
7.015702970569078767e-01
6.984157386260120282e-01
6.343146911632908669e-01
4.971247751617346999e-01
3.522012879565880605e-01
2.672145150988032292e-01
2.523709648831750640e-01
2.527987160593043736e-01
2.576153094305148050e-01
2.613672090172444729e-01
2.625291013395849027e-01
2.462869987029637220e-01
1.966308196927571139e-01
1.493940498043312970e-01
1.255392899387104688e-01
1.226253129982197293e-01
1.226240115619406518e-01
1.226483385170835105e-01
1.226158032611863041e-01
1.225898249759839742e-01
1.226026666160391770e-01
1.226312586702501678e-01
1.225925651090160051e-01
1.224831431213833782e-01
1.223837237420820484e-01
1.223332744397732930e-01
1.223299783317040729e-01
1.223693265543138869e-01
1.224707562711562780e-01
1.226562547310065532e-01
1.229112605051144447e-01
1.231789371182016452e-01
1.233904210182137223e-01
1.234962875826877277e-01
1.234646690536999047e-01
1.232422153650877539e-01
1.227370372542565119e-01
1.219070451897773799e-01
1.209379610675064276e-01
1.203394743186141508e-01
1.207620326968409236e-01
1.225484879418214657e-01
1.253508467209102639e-01
1.281733053874952455e-01
1.299041301566242479e-01
1.299671591826299100e-01
1.286333837944960978e-01
1.268086366847561985e-01
1.254622175733821898e-01
1.250163852461400604e-01
1.250074092148308613e-01
1.250073221855716177e-01
1.250060667575342011e-01
1.250033241915133042e-01
1.250008563698143393e-01
1.250000144198995522e-01
1.250000066340025417e-01
1.250000065639703395e-01
1.250000047394319302e-01
1.250000018022959236e-01
1.249999996773677041e-01
1.249999991877309841e-01
1.249999996533058821e-01
1.250000001126921612e-01
1.250000002009871158e-01
1.250000000774559861e-01
1.249999999728678146e-01
1.249999999584051058e-01
1.249999999872539319e-01
1.250000000073840933e-01
1.250000000079078410e-01
1.250000000014791224e-01
1.249999999981905169e-01
1.249999999986978194e-01
1.249999999999685252e-01
1.250000000003815004e-01
1.250000000001735279e-01
1.249999999999602124e-01
1.249999999999329564e-01
1.249999999999842348e-01
1.250000000000127121e-01
1.250000000000092981e-01
1.249999999999999167e-01
1.249999999999973910e-01
1.249999999999990147e-01
1.250000000000003053e-01
1.250000000000003331e-01
1.250000000000000278e-01
1.249999999999999584e-01
1.249999999999999722e-01
1.250000000000000000e-01
1.250000000000000000e-01
1.250000000000000000e-01
1.250000000000000000e-01
1.250000000000000000e-01
1.250000000000000000e-01
1.250000000000000000e-01
1.250000000000000000e-01
1.250000000000000000e-01
1.250000000000000000e-01
1.250000000000000000e-01
1.250000000000000000e-01
1.250000000000000000e-01
1.250000000000000000e-01
1.250000000000000000e-01
1.250000000000000000e-01
1.250000000000000000e-01
1.250000000000000000e-01
1.250000000000000000e-01
1.250000000000000000e-01
1.250000000000000000e-01
1.250000000000000000e-01
1.250000000000000000e-01
1.250000000000000000e-01
1.250000000000000000e-01
1.250000000000000000e-01
1.250000000000000000e-01
1.250000000000000000e-01
1.250000000000000000e-01
1.250000000000000000e-01
1.250000000000000000e-01
