1.000000000000000000e+00
1.000000000000000000e+00
1.000000000000000000e+00
1.000000000000000000e+00
1.000000000000000000e+00
1.000000000000000000e+00
1.000000000000000000e+00
1.000000000000000000e+00
1.000000000000000000e+00
1.000000000000000000e+00
1.000000000000000000e+00
1.000000000000000000e+00
1.000000000000000000e+00
1.000000000000000000e+00
1.000000000000000000e+00
1.000000000000000000e+00
1.000000000000000000e+00
1.000000000000000000e+00
1.000000000000000000e+00
1.000000000000000000e+00
1.000000000000000000e+00
1.000000000000000000e+00
1.000000000000000000e+00
1.000000000000000000e+00
1.000000000000000000e+00
1.000000000000000000e+00
1.000000000000000000e+00
1.000000000000000000e+00
1.000000000000000000e+00
1.000000000000000000e+00
1.000000000000000000e+00
1.000000000000000000e+00
1.000000000000000000e+00
1.000000000000000000e+00
1.000000000000000000e+00
1.000000000000000000e+00
1.000000000000000000e+00
1.000000000000000000e+00
9.999999999999991118e-01
9.999999999999978906e-01
9.999999999999988898e-01
1.000000000000003553e+00
1.000000000000005329e+00
9.999999999999907851e-01
9.999999999999654721e-01
9.999999999999846789e-01
1.000000000000099920e+00
1.000000000000186517e+00
9.999999999998994138e-01
9.999999999992039701e-01
9.999999999992175148e-01
1.000000000001568967e+00
1.000000000004849898e+00
1.000000000001902478e+00
9.999999999871663769e-01
9.999999999748633295e-01
1.000000000002104983e+00
1.000000000080129681e+00
1.000000000116874066e+00
9.999999999436381959e-01
9.999999995663457764e-01
9.999999994607244869e-01
1.000000000315554027e+00
1.000000001918703196e+00
1.000000002108580421e+00
9.999999975251607776e-01
9.999999883329389050e-01
9.999999822608722777e-01
9.999999855766343870e-01
9.999999866480351329e-01
9.999960001743244398e-01
9.999646837627804707e-01
9.999092081253975195e-01
9.998629540169332586e-01
9.998525716426192034e-01
9.998515232861434621e-01
9.989100819430309919e-01
9.911405472099981129e-01
9.735563175823789273e-01
9.479428491576041838e-01
9.181044017925025225e-01
8.875537539421279876e-01
8.583720261279342845e-01
8.313156385502624701e-01
8.064404663813069529e-01
7.835455015712478044e-01
7.624090865046572185e-01
7.428264215432118789e-01
7.246274013002830250e-01
7.076641916199066795e-01
6.918158382235571890e-01
6.769882024544597865e-01
6.631411338213468731e-01
6.503364345178942463e-01
6.388326518126448139e-01
6.291560673675237192e-01
6.220640083327559910e-01
6.180923388408642305e-01
6.175937807432171356e-01
6.220143529636847912e-01
6.303128706344854892e-01
6.339730276408345189e-01
6.349294241122541704e-01
6.351757971314423434e-01
6.348469074572146154e-01
6.338754709077725202e-01
6.324585765931779457e-01
6.306337646966895250e-01
6.286867616279732118e-01
6.270285959391910247e-01
6.258873308504488975e-01
6.250996333924921933e-01
6.243258901861323817e-01
6.234643221392823786e-01
6.228536964254753894e-01
6.230818877999779737e-01
6.251356228914118907e-01
6.275228439133290204e-01
6.286270300482124096e-01
6.285819813318753724e-01
6.280978473471908741e-01
6.276767298415701912e-01
6.274777991659675758e-01
6.273192601518549072e-01
6.271268140405051872e-01
6.269990595017423951e-01
6.264874294116171694e-01
6.257692956038221066e-01
6.236781087990190819e-01
6.225482894710105963e-01
6.218789743730718245e-01
6.256343075067773984e-01
6.794490576190436171e-01
7.600550733960365068e-01
7.636921015010148528e-01
7.171647355225739817e-01
6.985440710449681845e-01
6.929879523082292936e-01
6.954807706707808457e-01
7.014040333133578775e-01
7.039970030446803806e-01
7.022140893942248052e-01
7.011270062594736618e-01
7.016259503875409420e-01
7.009213187353993124e-01
6.801953583924751356e-01
5.873116584387623185e-01
4.406264152743852303e-01
3.120527006389556823e-01
2.563350876956561053e-01
2.519566063989518434e-01
2.534586409659407291e-01
2.595332799645981847e-01
2.640691817385476536e-01
2.637137463021683170e-01
2.421825881175407869e-01
1.915143713555387261e-01
1.465841053702597874e-01
1.249124861823760757e-01
1.226185020150468707e-01
1.226312772399710399e-01
1.226317271769150757e-01
1.225737984745089160e-01
1.225085256721770988e-01
1.225413747699336253e-01
1.226397857359522170e-01
1.226818711077647256e-01
1.226100396509726825e-01
1.224892282407601535e-01
1.223925606942364575e-01
1.223442784086483243e-01
1.223343263361952038e-01
1.223562407477753744e-01
1.224324741397314342e-01
1.225931108383851720e-01
1.228335055061016701e-01
1.231046357028337396e-01
1.233373211035399125e-01
1.234771754894268547e-01
1.234920761565681951e-01
1.233356199703862233e-01
1.229159038569247325e-01
1.221610013160757402e-01
1.211876247080009433e-01
1.204271292405197230e-01
1.205191981101411264e-01
1.219227813209715905e-01
1.244961462016783149e-01
1.274057025476508231e-01
1.295292254955655309e-01
1.300961184989515851e-01
1.291196409141605883e-01
1.273551077498843997e-01
1.257916974151668255e-01
1.250697358873437970e-01
1.250073206910881918e-01
1.250072565666775493e-01
1.250066567254627392e-01
1.250042178691192774e-01
1.250015153469335172e-01
1.250001293761423549e-01
1.250000032600339928e-01
1.250000065810053795e-01
1.250000057965863498e-01
1.250000027135856062e-01
1.250000002969602064e-01
1.249999992321890740e-01
1.249999994356219557e-01
1.249999999707041287e-01
1.250000002039133584e-01
1.250000001340101918e-01
1.250000000046144200e-01
1.249999999555535812e-01
1.249999999742223006e-01
1.250000000014835078e-01
1.250000000094207420e-01
1.250000000042636450e-01
1.249999999990419886e-01
1.249999999981825233e-01
1.249999999994524102e-01
1.250000000003124723e-01
1.250000000003055334e-01
1.250000000000384137e-01
1.249999999999256151e-01
1.249999999999579364e-01
1.250000000000044131e-01
1.250000000000136835e-01
1.250000000000039413e-01
1.249999999999975575e-01
1.249999999999979045e-01
1.249999999999998473e-01
1.250000000000004996e-01
1.250000000000001943e-01
1.249999999999999722e-01
1.249999999999999445e-01
1.249999999999999722e-01
1.250000000000000000e-01
1.250000000000000000e-01
1.250000000000000000e-01
1.250000000000000000e-01
1.250000000000000000e-01
1.250000000000000000e-01
1.250000000000000000e-01
1.250000000000000000e-01
1.250000000000000000e-01
1.250000000000000000e-01
1.250000000000000000e-01
1.250000000000000000e-01
1.250000000000000000e-01
1.250000000000000000e-01
1.250000000000000000e-01
1.250000000000000000e-01
1.250000000000000000e-01
1.250000000000000000e-01
1.250000000000000000e-01
1.250000000000000000e-01
1.250000000000000000e-01
1.250000000000000000e-01
1.250000000000000000e-01
1.250000000000000000e-01
1.250000000000000000e-01
1.250000000000000000e-01
1.250000000000000000e-01
1.250000000000000000e-01
