1.000000000000000000e+00
1.000000000000000000e+00
1.000000000000000000e+00
1.000000000000000000e+00
1.000000000000000000e+00
1.000000000000000000e+00
1.000000000000000000e+00
1.000000000000000000e+00
1.000000000000000000e+00
1.000000000000000000e+00
1.000000000000000000e+00
1.000000000000000000e+00
1.000000000000000000e+00
1.000000000000000000e+00
1.000000000000000000e+00
1.000000000000000000e+00
1.000000000000000000e+00
1.000000000000000000e+00
1.000000000000000000e+00
1.000000000000000000e+00
1.000000000000000000e+00
1.000000000000000000e+00
1.000000000000000000e+00
1.000000000000000000e+00
1.000000000000000000e+00
1.000000000000000000e+00
1.000000000000000000e+00
1.000000000000000000e+00
1.000000000000000000e+00
1.000000000000000000e+00
1.000000000000000000e+00
1.000000000000000000e+00
1.000000000000000000e+00
1.000000000000000000e+00
1.000000000000000000e+00
1.000000000000000000e+00
9.999999999999995559e-01
9.999999999999988898e-01
9.999999999999997780e-01
1.000000000000002887e+00
1.000000000000003553e+00
9.999999999999935607e-01
9.999999999999784617e-01
9.999999999999942268e-01
1.000000000000072387e+00
1.000000000000122125e+00
9.999999999999157341e-01
9.999999999994544364e-01
9.999999999995138333e-01
1.000000000001157296e+00
1.000000000003314016e+00
1.000000000001021627e+00
9.999999999906838966e-01
9.999999999827965391e-01
1.000000000003592682e+00
1.000000000058928862e+00
1.000000000078671514e+00
9.999999999425812636e-01
9.999999996775704725e-01
9.999999996602386698e-01
1.000000000351293439e+00
1.000000001415076945e+00
1.000000001096039037e+00
9.999999975994289247e-01
9.999999918124893306e-01
9.999999890783570766e-01
9.999999935670995654e-01
9.999999926406810680e-01
9.999941661292063300e-01
9.999496140231535213e-01
9.998715253441075035e-01
9.998072332786799299e-01
9.997930870699216488e-01
9.997917077539911768e-01
9.986432234724592627e-01
9.904475470948492788e-01
9.727240255602058738e-01
9.474142589429673800e-01
9.182107903351587330e-01
8.884629783802145964e-01
8.600584219444176171e-01
8.336872568058462107e-01
8.093663367625962834e-01
7.869171292654858485e-01
7.661324578437955779e-01
7.468276601213009736e-01
7.288525166826356205e-01
7.120712548303028688e-01
6.963760065998224613e-01
6.816733239837502456e-01
6.679040213830412798e-01
6.550640980371662536e-01
6.432809579328683247e-01
6.329055225126685169e-01
6.246220113388004647e-01
6.192204159612204606e-01
6.173216687725598950e-01
6.193805638936740188e-01
6.273549522185948302e-01
6.333089201315792449e-01
6.348708714511993589e-01
6.349703088425130426e-01
6.346352733853057870e-01
6.337786796969908654e-01
6.327703421902296510e-01
6.312881366640488157e-01
6.293173009743745494e-01
6.273418722244913370e-01
6.259687103125208818e-01
6.252940924117579291e-01
6.248097588464217589e-01
6.240593140109141901e-01
6.232599045466026277e-01
6.230433528726616599e-01
6.238987289952256932e-01
6.255927574335425900e-01
6.267475005633960095e-01
6.268295376436872068e-01
6.270752330993935031e-01
6.273351333187942025e-01
6.274108369425506204e-01
6.272050327456755170e-01
6.270924825455785889e-01
6.273187898478428393e-01
6.275412450845320178e-01
6.273229271328333301e-01
6.258783521092249336e-01
6.240799039654884028e-01
6.231319801802617242e-01
6.228355269258791793e-01
6.236466846871072667e-01
6.273613824894431756e-01
6.837369721848027826e-01
7.801077963186864306e-01
7.540534901377300425e-01
7.004775499129077820e-01
7.026104940702406765e-01
7.043390630094625848e-01
7.040486538920480708e-01
7.020862187547945998e-01
6.976944198175466516e-01
6.942999625684768139e-01
6.948766656881816273e-01
6.997076482189087399e-01
7.035105354472738215e-01
7.013764381430459549e-01
6.538306285023645081e-01
5.316286489368922119e-01
3.851468056389202865e-01
2.826278918287840614e-01
2.531290042533623774e-01
2.528329829475705059e-01
2.555636907976102656e-01
2.609508538809161005e-01
2.647518675489828333e-01
2.641686771923894006e-01
2.391226328652199251e-01
1.870890414897062870e-01
1.430275495832184496e-01
1.237514137663806302e-01
1.226136689576391298e-01
1.226372699052947490e-01
1.226437349279434902e-01
1.224212553025198214e-01
1.222858577181148709e-01
1.223240516313446186e-01
1.225116863986885768e-01
1.226887890024412064e-01
1.227662493137419153e-01
1.227265102396654234e-01
1.226148233260195841e-01
1.224930824364896670e-01
1.224110938925120906e-01
1.223762444189513965e-01
1.223707039960212073e-01
1.223879983239747199e-01
1.224555669378587647e-01
1.226069853655024633e-01
1.228446170652452429e-01
1.231273249598837244e-01
1.233927001506447130e-01
1.235746692339040609e-01
1.235844616025875559e-01
1.232740957819333516e-01
1.224958260801298077e-01
1.213393245684371707e-01
1.202967381292809612e-01
1.200887210396905380e-01
1.212241989821722932e-01
1.237224107853990562e-01
1.268159006785791187e-01
1.292860760085300653e-01
1.301938003571906088e-01
1.294745423756661906e-01
1.277812616739805174e-01
1.260878721695411209e-01
1.251531268802155150e-01
1.250084136980706140e-01
1.250083467989429320e-01
1.250078925232753213e-01
1.250054716230367402e-01
1.250022321453886920e-01
1.250002704147447630e-01
1.250000132828931743e-01
1.250000137470635153e-01
1.250000123773383764e-01
1.250000067404354320e-01
1.250000012631416191e-01
1.249999985994424273e-01
1.249999987793752737e-01
1.249999998243227495e-01
1.250000003605884480e-01
1.250000002796056719e-01
1.250000000347603057e-01
1.249999999244975069e-01
1.249999999487310942e-01
1.249999999985295929e-01
1.250000000157686086e-01
1.250000000081015750e-01
1.249999999989264976e-01
1.249999999970398262e-01
1.249999999990021454e-01
1.250000000004410916e-01
1.250000000004774514e-01
1.250000000000704437e-01
1.249999999998930300e-01
1.249999999999384520e-01
1.250000000000059952e-01
1.250000000000187628e-01
1.250000000000049127e-01
1.249999999999966971e-01
1.249999999999976685e-01
1.250000000000000555e-01
1.250000000000005829e-01
1.250000000000001388e-01
1.249999999999998335e-01
1.249999999999997918e-01
1.249999999999999445e-01
1.250000000000000000e-01
1.250000000000000000e-01
1.250000000000000000e-01
1.250000000000000000e-01
1.250000000000000000e-01
1.250000000000000000e-01
1.250000000000000000e-01
1.250000000000000000e-01
1.250000000000000000e-01
1.250000000000000000e-01
1.250000000000000000e-01
1.250000000000000000e-01
1.250000000000000000e-01
1.250000000000000000e-01
1.250000000000000000e-01
1.250000000000000000e-01
1.250000000000000000e-01
1.250000000000000000e-01
1.250000000000000000e-01
1.250000000000000000e-01
1.250000000000000000e-01
1.250000000000000000e-01
1.250000000000000000e-01
1.250000000000000000e-01
1.250000000000000000e-01
1.250000000000000000e-01
