1.000000000000000000e+00
1.000000000000000000e+00
1.000000000000000000e+00
1.000000000000000000e+00
1.000000000000000000e+00
1.000000000000000000e+00
1.000000000000000000e+00
1.000000000000000000e+00
1.000000000000000000e+00
1.000000000000000000e+00
1.000000000000000000e+00
1.000000000000000000e+00
1.000000000000000000e+00
1.000000000000000000e+00
1.000000000000000000e+00
1.000000000000000000e+00
1.000000000000000000e+00
1.000000000000000000e+00
1.000000000000000000e+00
1.000000000000000000e+00
1.000000000000000000e+00
1.000000000000000000e+00
1.000000000000000000e+00
1.000000000000000000e+00
1.000000000000000000e+00
1.000000000000000000e+00
1.000000000000000000e+00
1.000000000000000000e+00
1.000000000000000000e+00
1.000000000000000000e+00
1.000000000000000000e+00
1.000000000000000000e+00
1.000000000000000000e+00
9.999999999999995559e-01
9.999999999999988898e-01
9.999999999999991118e-01
1.000000000000001332e+00
1.000000000000003997e+00
9.999999999999986677e-01
9.999999999999823475e-01
9.999999999999826805e-01
1.000000000000043965e+00
1.000000000000124789e+00
1.000000000000019540e+00
9.999999999995937694e-01
9.999999999993518518e-01
1.000000000000438982e+00
1.000000000002807532e+00
1.000000000002689626e+00
9.999999999948765428e-01
9.999999999837166920e-01
9.999999999915362148e-01
1.000000000037505554e+00
1.000000000082823082e+00
1.000000000014779733e+00
9.999999997790876005e-01
9.999999996106943012e-01
9.999999999967286168e-01
1.000000001010322714e+00
1.000000001481697876e+00
9.999999994563745220e-01
9.999999945883208952e-01
9.999999890948125802e-01
9.999999930369908308e-01
9.999999928673297678e-01
9.999994034033459211e-01
9.999759916420339900e-01
9.999097860405188332e-01
9.998346718495404462e-01
9.997978722573326316e-01
9.997952863954580049e-01
9.996699868986053117e-01
9.957265394905423506e-01
9.831083072153334879e-01
9.619238924857067552e-01
9.351449607009958420e-01
9.063132820579306026e-01
8.779595678705143236e-01
8.512681148242140505e-01
8.265349334852087893e-01
8.036629675948057105e-01
7.824716202008068500e-01
7.627747946167134918e-01
7.444200817787864910e-01
7.272698798352834615e-01
7.112121157283014528e-01
6.961468980005539597e-01
6.819946436523762756e-01
6.686998479784246330e-01
6.562512631565036170e-01
6.447454621393153840e-01
6.344705245084023559e-01
6.260275828683093957e-01
6.201898362531067521e-01
6.176552374877323226e-01
6.185545983892736244e-01
6.255024944041732704e-01
6.325107167765399163e-01
6.347911243413464355e-01
6.347911965514960730e-01
6.345764977215367919e-01
6.340710480733873222e-01
6.331173651455106466e-01
6.315850301915294507e-01
6.295628391664285228e-01
6.275867873997722501e-01
6.262364478946550461e-01
6.255080349984837307e-01
6.249052079419362693e-01
6.241004798660599873e-01
6.233431152915362983e-01
6.231408253365668948e-01
6.237621477898528388e-01
6.252248302916952882e-01
6.264822003900105685e-01
6.267470469422836699e-01
6.271202142114074007e-01
6.273941123448514290e-01
6.273819916319288703e-01
6.271084407848280806e-01
6.270017862227165173e-01
6.273060538888902693e-01
6.276529257484821933e-01
6.275464553740930373e-01
6.262070888051828321e-01
6.241195852593786064e-01
6.230351842423881292e-01
6.233132076131370214e-01
6.246274595105231198e-01
6.245667676352265607e-01
6.246469238069053409e-01
6.272663698685934097e-01
6.746749300429675245e-01
7.818379498109946368e-01
7.609031483416233144e-01
6.975532638030491617e-01
6.980593789338707111e-01
7.037042917768591144e-01
7.077988722326448157e-01
7.074970599175277597e-01
7.011327518792890290e-01
6.946604433520068289e-01
6.927174257759041165e-01
6.975999066383238301e-01
7.015964591163554864e-01
7.027634920290201093e-01
6.960148520305178277e-01
6.268924597427028012e-01
4.923015649097142732e-01
3.522126175235442691e-01
2.692413962629171542e-01
2.532552220123243658e-01
2.534995250445267745e-01
2.570369387031168906e-01
2.619226018360136243e-01
2.645271897764712721e-01
2.647480046684411725e-01
2.438645572554257179e-01
1.933659330980742330e-01
1.468103868982418847e-01
1.239267107922059769e-01
1.224579413014865586e-01
1.225871115861172506e-01
1.226383648162330392e-01
1.225937021995220783e-01
1.224657706547153668e-01
1.223702745632931077e-01
1.223324325349985781e-01
1.224051352768682766e-01
1.225468594590308213e-01
1.226955923837163565e-01
1.227559372990172926e-01
1.227064944019586323e-01
1.225873888381050630e-01
1.224691001824353975e-01
1.223968101760214006e-01
1.223705762040576683e-01
1.223709788729685916e-01
1.223992568422745258e-01
1.224865028952929202e-01
1.226613526298008516e-01
1.229143619144549143e-01
1.231977771822027196e-01
1.234506088654488687e-01
1.236020068024027835e-01
1.235478149711739942e-01
1.231165643554354427e-01
1.222043112919731778e-01
1.210125591749800916e-01
1.201338275774619796e-01
1.202520323135562175e-01
1.217761124333512079e-01
1.245071937859808242e-01
1.275271756609397122e-01
1.296456047363771791e-01
1.301240882531810028e-01
1.291062264014386785e-01
1.273457581582079223e-01
1.257970215962611049e-01
1.250710632185391136e-01
1.250082551519570984e-01
1.250081841378601066e-01
1.250074812327864882e-01
1.250047046242778181e-01
1.250016580606100602e-01
1.250001349669755957e-01
1.250000103190320455e-01
1.250000133667504842e-01
1.250000113714818117e-01
1.250000054822709705e-01
1.250000005283064819e-01
1.249999985231507182e-01
1.249999989523382093e-01
1.249999999457118982e-01
1.250000003706440432e-01
1.250000002445922354e-01
1.250000000114839804e-01
1.249999999230158310e-01
1.249999999549761265e-01
1.250000000020270174e-01
1.250000000156746560e-01
1.250000000070998762e-01
1.249999999984950927e-01
1.249999999971053294e-01
1.249999999991379673e-01
1.250000000004830858e-01
1.250000000004639900e-01
1.250000000000560663e-01
1.249999999998897271e-01
1.249999999999392153e-01
1.250000000000067446e-01
1.250000000000194289e-01
1.250000000000054956e-01
1.249999999999967248e-01
1.249999999999973632e-01
1.249999999999999167e-01
1.250000000000005551e-01
1.250000000000001388e-01
1.249999999999999029e-01
1.249999999999998057e-01
1.249999999999999029e-01
1.250000000000000000e-01
1.250000000000000000e-01
1.250000000000000000e-01
1.250000000000000000e-01
1.250000000000000000e-01
1.250000000000000000e-01
1.250000000000000000e-01
1.250000000000000000e-01
1.250000000000000000e-01
1.250000000000000000e-01
1.250000000000000000e-01
1.250000000000000000e-01
1.250000000000000000e-01
1.250000000000000000e-01
1.250000000000000000e-01
1.250000000000000000e-01
1.250000000000000000e-01
1.250000000000000000e-01
1.250000000000000000e-01
1.250000000000000000e-01
1.250000000000000000e-01
1.250000000000000000e-01
1.250000000000000000e-01
