1.000000000000000000e+00
1.000000000000000000e+00
1.000000000000000000e+00
1.000000000000000000e+00
1.000000000000000000e+00
1.000000000000000000e+00
1.000000000000000000e+00
1.000000000000000000e+00
1.000000000000000000e+00
1.000000000000000000e+00
1.000000000000000000e+00
1.000000000000000000e+00
1.000000000000000000e+00
1.000000000000000000e+00
1.000000000000000000e+00
1.000000000000000000e+00
1.000000000000000000e+00
1.000000000000000000e+00
1.000000000000000000e+00
1.000000000000000000e+00
1.000000000000000000e+00
1.000000000000000000e+00
1.000000000000000000e+00
1.000000000000000000e+00
1.000000000000000000e+00
1.000000000000000000e+00
1.000000000000000000e+00
1.000000000000000000e+00
1.000000000000000000e+00
1.000000000000000000e+00
9.999999999999995559e-01
9.999999999999984457e-01
9.999999999999975575e-01
1.000000000000000000e+00
1.000000000000004885e+00
1.000000000000002887e+00
9.999999999999820144e-01
9.999999999999598099e-01
1.000000000000002665e+00
1.000000000000137668e+00
1.000000000000179856e+00
9.999999999997830624e-01
9.999999999990805133e-01
9.999999999993722799e-01
1.000000000002062572e+00
1.000000000005070167e+00
1.000000000001074252e+00
9.999999999857906996e-01
9.999999999748744317e-01
1.000000000004132694e+00
1.000000000081589846e+00
1.000000000116474830e+00
9.999999999473836443e-01
9.999999995787771656e-01
9.999999994570334394e-01
1.000000000254686050e+00
1.000000001826424789e+00
1.000000002091762097e+00
9.999999981196359133e-01
9.999999897227915824e-01
9.999999848882878961e-01
9.999999860901186421e-01
9.999999875285000561e-01
9.999982073969149177e-01
9.999747671955114825e-01
9.999248964805063089e-01
9.998760448700676484e-01
9.998584056576916845e-01
9.998573274409787714e-01
9.995924564190401540e-01
9.948813585172602281e-01
9.816330524882037611e-01
9.603845671011047580e-01
9.340831636950379657e-01
9.060498357848315587e-01
8.785502653221083369e-01
8.526543502510683936e-01
8.286116968617344147e-01
8.063431082234643332e-01
7.856743720533573283e-01
7.664370067303291068e-01
7.484795100138261770e-01
7.316730875006315360e-01
7.159049394766651142e-01
7.010773895661386312e-01
6.871104006539042741e-01
6.739427678112327458e-01
6.615504543077134203e-01
6.499849949789767711e-01
6.394435014997292832e-01
6.303624031547683249e-01
6.233917919609686109e-01
6.191593738532765734e-01
6.178911200126253611e-01
6.207170255292162597e-01
6.281456143844696971e-01
6.339844330905051173e-01
6.344300528664937877e-01
6.348051409941142254e-01
6.349683697432231266e-01
6.344068730406701162e-01
6.327647639976038407e-01
6.306088641516754967e-01
6.287248924730010069e-01
6.273929675263165695e-01
6.263621035034253604e-01
6.252956522297705710e-01
6.242294459578276999e-01
6.234817337845535157e-01
6.231777135127634093e-01
6.232767517938183621e-01
6.245363639786422061e-01
6.267111153756567132e-01
6.282893923681468484e-01
6.287999578313654414e-01
6.285030293340509999e-01
6.277435810943888805e-01
6.272193590497789906e-01
6.271315488042442654e-01
6.273207403940125326e-01
6.273009756398678638e-01
6.267443279508760900e-01
6.254362088002968223e-01
6.240204089689057598e-01
6.230539591205586092e-01
6.226310536373623750e-01
6.230874766593894609e-01
6.244344430853540073e-01
6.261386289389272441e-01
6.261834345220610443e-01
6.261566981467747706e-01
6.281692726818915995e-01
6.630394241011834389e-01
7.458030024666635338e-01
7.710042590405473684e-01
7.254763609494405685e-01
7.015817353429136816e-01
6.987893194150045506e-01
6.991461046281393088e-01
7.014797073952623307e-01
7.017425577534970316e-01
7.005337401292172084e-01
6.994766273497765585e-01
7.006613818624821688e-01
7.024716860913537975e-01
7.020140138192086932e-01
7.015669777102523375e-01
6.759884413910814960e-01
5.792973279684887622e-01
4.365546144962184072e-01
3.126567842778828488e-01
2.574925969835029083e-01
2.529243616222662250e-01
2.539543234525731830e-01
2.591242543544877153e-01
2.641683654122162217e-01
2.658970445895507129e-01
2.652095414462578571e-01
2.374654686336917786e-01
1.890045247517085913e-01
1.452721949402114021e-01
1.240299756452449970e-01
1.224633828399599306e-01
1.225276849675382418e-01
1.225453228140230555e-01
1.225161082754557401e-01
1.224907565757896999e-01
1.224978108351508360e-01
1.225255284512645204e-01
1.225419592222554421e-01
1.225447543817383966e-01
1.225715481663861711e-01
1.226204710204931991e-01
1.226459892199888019e-01
1.226111478220566348e-01
1.225253899331033014e-01
1.224314908031292753e-01
1.223629674961796143e-01
1.223302282494337645e-01
1.223366642841696578e-01
1.223980097199583034e-01
1.225367559235963494e-01
1.227552500704998106e-01
1.230177513117545335e-01
1.232636680375917282e-01
1.234395216391063060e-01
1.235092263158027587e-01
1.234227625213518836e-01
1.230850623796832660e-01
1.224058379206313524e-01
1.214513932405618807e-01
1.205795216105381706e-01
1.203843458035211422e-01
1.213845810725524832e-01
1.236181435892310665e-01
1.264628406639284053e-01
1.288876531482768539e-01
1.300045956235500733e-01
1.295515576143280723e-01
1.280216359421827987e-01
1.263238339412450228e-01
1.252527864208941577e-01
1.250069826722841337e-01
1.250069437733815902e-01
1.250067918628690877e-01
1.250052531003462419e-01
1.250026482897075297e-01
1.250005763880389642e-01
1.250000031687221735e-01
1.250000032719914278e-01
1.250000077469279602e-01
1.250000040740546214e-01
1.250000015573330681e-01
1.249999997072311630e-01
1.249999992338170079e-01
1.249999996571464905e-01
1.250000000958335633e-01
1.250000001949026218e-01
1.250000000850500781e-01
1.249999999798041550e-01
1.249999999576879572e-01
1.249999999831671316e-01
1.250000000054883598e-01
1.250000000087742591e-01
1.250000000027778890e-01
1.249999999985068888e-01
1.249999999983353871e-01
1.249999999996638383e-01
1.250000000003694822e-01
1.250000000002797762e-01
1.250000000000139333e-01
1.249999999999200223e-01
1.249999999999600597e-01
1.250000000000065226e-01
1.250000000000145439e-01
1.250000000000039413e-01
1.249999999999971412e-01
1.249999999999978073e-01
1.250000000000000000e-01
1.250000000000004996e-01
1.250000000000001110e-01
1.249999999999998890e-01
1.249999999999999029e-01
1.249999999999999722e-01
1.250000000000000000e-01
1.250000000000000000e-01
1.250000000000000000e-01
1.250000000000000000e-01
1.250000000000000000e-01
1.250000000000000000e-01
1.250000000000000000e-01
1.250000000000000000e-01
1.250000000000000000e-01
1.250000000000000000e-01
1.250000000000000000e-01
1.250000000000000000e-01
1.250000000000000000e-01
1.250000000000000000e-01
1.250000000000000000e-01
1.250000000000000000e-01
1.250000000000000000e-01
1.250000000000000000e-01
1.250000000000000000e-01
1.250000000000000000e-01
