1.000000000000000000e+00
1.000000000000000000e+00
1.000000000000000000e+00
1.000000000000000000e+00
1.000000000000000000e+00
1.000000000000000000e+00
1.000000000000000000e+00
1.000000000000000000e+00
1.000000000000000000e+00
1.000000000000000000e+00
1.000000000000000000e+00
1.000000000000000000e+00
1.000000000000000000e+00
1.000000000000000000e+00
1.000000000000000000e+00
1.000000000000000000e+00
1.000000000000000000e+00
1.000000000000000000e+00
1.000000000000000000e+00
1.000000000000000000e+00
1.000000000000000000e+00
1.000000000000000000e+00
1.000000000000000000e+00
1.000000000000000000e+00
1.000000000000000000e+00
1.000000000000000000e+00
1.000000000000000000e+00
1.000000000000000000e+00
1.000000000000000000e+00
9.999999999999995559e-01
9.999999999999993339e-01
1.000000000000001110e+00
1.000000000000003997e+00
1.000000000000002220e+00
9.999999999999893419e-01
9.999999999999752420e-01
1.000000000000004441e+00
1.000000000000093925e+00
1.000000000000117684e+00
9.999999999998451239e-01
9.999999999993787192e-01
9.999999999996114219e-01
1.000000000001479261e+00
1.000000000003461231e+00
1.000000000000424105e+00
9.999999999896855840e-01
9.999999999830438968e-01
1.000000000005706102e+00
1.000000000059640071e+00
1.000000000074778184e+00
9.999999999430482234e-01
9.999999996977191330e-01
9.999999996731109286e-01
1.000000000277311951e+00
1.000000001284671924e+00
1.000000001236482916e+00
9.999999981535874216e-01
9.999999925545345336e-01
9.999999898961173805e-01
9.999999932090439803e-01
9.999999944549889941e-01
9.999974553681998390e-01
9.999641403502054215e-01
9.998939266841226914e-01
9.998255396088961966e-01
9.998011741498424865e-01
9.997997242585862088e-01
9.994525024252923773e-01
9.943443302252340521e-01
9.808639406089698642e-01
9.596948174486268357e-01
9.338282143905241028e-01
9.064158552870393848e-01
8.795970471805154567e-01
8.543283225026414573e-01
8.308208812186047565e-01
8.089980313757675345e-01
7.886894664140968736e-01
7.697468268145146730e-01
7.520283447708462354e-01
7.354181220581621492e-01
7.198125052261212797e-01
7.051239795518987608e-01
6.912770896188992209e-01
6.782107156794714431e-01
6.658837695209062213e-01
6.542974975476139043e-01
6.435447848326508735e-01
6.339132553232883494e-01
6.259530894594158568e-01
6.204442614522512889e-01
6.179503019956618104e-01
6.188211454256755673e-01
6.251709949832419122e-01
6.326532093315170302e-01
6.341406755561713737e-01
6.347466171153465231e-01
6.349978752900091727e-01
6.343615483831276380e-01
6.328027883563168698e-01
6.310690476492020196e-01
6.294643600921024928e-01
6.279411167860038390e-01
6.264886052502353087e-01
6.252921285189040335e-01
6.245180267347643088e-01
6.240838362599115952e-01
6.237261687052385595e-01
6.234045353785643284e-01
6.235299582875238888e-01
6.248706808036001981e-01
6.264286450826430652e-01
6.271776572950253925e-01
6.272258229123730544e-01
6.271037191354157381e-01
6.271080932773109851e-01
6.272403530373448222e-01
6.273210549074027531e-01
6.273669961354072511e-01
6.273410023636871724e-01
6.271735588441845755e-01
6.263013898870153362e-01
6.246840352329868784e-01
6.233273998545167949e-01
6.230711566988209604e-01
6.238039748998568390e-01
6.249277875902057300e-01
6.255551850594281982e-01
6.259160709437466830e-01
6.260709619317529340e-01
6.267173852134741985e-01
6.278042712516835877e-01
6.540987965815057148e-01
7.479025766382296769e-01
7.855613144241069268e-01
7.197654963399909844e-01
6.978575221224248004e-01
6.985327734344088935e-01
7.034584458602560764e-01
7.084903100796791087e-01
7.092729442526488626e-01
7.030186387627884725e-01
6.949132837709631749e-01
6.912260942538984709e-01
6.950684813019839536e-01
7.016882053167858846e-01
7.043955689707778189e-01
7.011769045645955822e-01
6.474174990092973481e-01
5.259114673113982619e-01
3.831316668221823596e-01
2.830331825865514683e-01
2.536350327039034180e-01
2.531901988299406492e-01
2.554257864959776358e-01
2.608572038477338095e-01
2.649024377942953978e-01
2.662387442060716314e-01
2.651887812291102708e-01
2.340152834572855334e-01
1.842178215471876046e-01
1.419724031813237031e-01
1.236408610707943334e-01
1.223562131480951110e-01
1.223463283431149434e-01
1.223791499945900280e-01
1.223749731105690658e-01
1.224770126484622662e-01
1.225545643788617106e-01
1.225639508621500506e-01
1.224632640932751815e-01
1.223533925437620962e-01
1.223356474346460471e-01
1.224452476788758931e-01
1.226147426990322892e-01
1.227357418153547930e-01
1.227448395121542024e-01
1.226573878352215374e-01
1.225341021536927311e-01
1.224346042724501205e-01
1.223818509274715999e-01
1.223652744523340968e-01
1.223745572235064166e-01
1.224268734163388300e-01
1.225532967682329555e-01
1.227642819869800977e-01
1.230328020258501104e-01
1.233101280071562111e-01
1.235365294312071455e-01
1.236212048146617393e-01
1.234210864383958606e-01
1.227630267701095568e-01
1.216668866242106850e-01
1.205307725653235046e-01
1.200408007999699822e-01
1.207601115962586708e-01
1.228582001583778116e-01
1.258127685951987706e-01
1.285433191119571272e-01
1.300000266382263792e-01
1.298247573391204113e-01
1.284261798561027734e-01
1.266709504977043266e-01
1.254166673524300113e-01
1.250137238047883403e-01
1.250079910606264055e-01
1.250078987170285261e-01
1.250064919685199838e-01
1.250035586223001982e-01
1.250009351499762333e-01
1.250000255445734287e-01
1.250000129424284345e-01
1.250000125571519571e-01
1.250000090743950409e-01
1.250000036767138778e-01
1.249999996385764561e-01
1.249999985148487480e-01
1.249999992453470488e-01
1.250000001142526351e-01
1.250000003650461600e-01
1.250000001833957985e-01
1.249999999788906774e-01
1.249999999244396642e-01
1.249999999657099847e-01
1.250000000070631279e-01
1.250000000150331414e-01
1.250000000053547999e-01
1.249999999978537307e-01
1.249999999972802589e-01
1.249999999993831740e-01
1.250000000005462297e-01
1.250000000004310718e-01
1.250000000000272005e-01
1.249999999998850364e-01
1.249999999999435174e-01
1.250000000000096867e-01
1.250000000000197342e-01
1.250000000000048572e-01
1.249999999999964612e-01
1.249999999999972800e-01
1.249999999999998473e-01
1.250000000000006939e-01
1.250000000000001665e-01
1.249999999999998057e-01
1.249999999999998335e-01
1.249999999999998890e-01
1.249999999999999722e-01
1.250000000000000000e-01
1.250000000000000000e-01
1.250000000000000000e-01
1.250000000000000000e-01
1.250000000000000000e-01
1.250000000000000000e-01
1.250000000000000000e-01
1.250000000000000000e-01
1.250000000000000000e-01
1.250000000000000000e-01
1.250000000000000000e-01
1.250000000000000000e-01
1.250000000000000000e-01
1.250000000000000000e-01
1.250000000000000000e-01
1.250000000000000000e-01
1.250000000000000000e-01
