1.000000000000000000e+00
1.000000000000000000e+00
1.000000000000000000e+00
1.000000000000000000e+00
1.000000000000000000e+00
1.000000000000000000e+00
1.000000000000000000e+00
1.000000000000000000e+00
1.000000000000000000e+00
1.000000000000000000e+00
1.000000000000000000e+00
1.000000000000000000e+00
1.000000000000000000e+00
1.000000000000000000e+00
1.000000000000000000e+00
1.000000000000000000e+00
1.000000000000000000e+00
1.000000000000000000e+00
1.000000000000000000e+00
1.000000000000000000e+00
1.000000000000000000e+00
1.000000000000000000e+00
1.000000000000000000e+00
1.000000000000000000e+00
1.000000000000000000e+00
9.999999999999997780e-01
9.999999999999991118e-01
9.999999999999978906e-01
9.999999999999983347e-01
1.000000000000001998e+00
1.000000000000005551e+00
9.999999999999940048e-01
9.999999999999658051e-01
9.999999999999672484e-01
1.000000000000064171e+00
1.000000000000196509e+00
1.000000000000063949e+00
9.999999999994383382e-01
9.999999999989561683e-01
1.000000000000249134e+00
1.000000000003684830e+00
1.000000000004798162e+00
9.999999999959179320e-01
9.999999999789843663e-01
9.999999999794895178e-01
1.000000000030262015e+00
1.000000000108206777e+00
1.000000000085009777e+00
9.999999998266195789e-01
9.999999994749712018e-01
9.999999996140647163e-01
1.000000000749565743e+00
1.000000002177060310e+00
1.000000001311352360e+00
9.999999959379262116e-01
9.999999877125550496e-01
9.999999839491464648e-01
9.999999901092664345e-01
9.999999887571271451e-01
9.999954240478237111e-01
9.999654446247042694e-01
9.999144291597891199e-01
9.998715151170907145e-01
9.998612350423730089e-01
9.998602416118617109e-01
9.992686713673982757e-01
9.934090277803014901e-01
9.793874120826041585e-01
9.582247576136584399e-01
9.328372465544033654e-01
9.061515172724086131e-01
8.801082403576518942e-01
8.555440602817777629e-01
8.326663914907745934e-01
8.113868176733863846e-01
7.915612455743126219e-01
7.730408386655571729e-01
7.556954639431539000e-01
7.394109539499020833e-01
7.240869750502757496e-01
7.096372775238400932e-01
6.959857878381648932e-01
6.830706523446754552e-01
6.708469866392754444e-01
6.593026771913204076e-01
6.484922985863448286e-01
6.386100251223102431e-01
6.300634004475640371e-01
6.234861003178948646e-01
6.194317721279639644e-01
6.182142721795341744e-01
6.206929987234022228e-01
6.280975813809647201e-01
6.334793628454018499e-01
6.348605566801295286e-01
6.349311158209319794e-01
6.346764179410236961e-01
6.339701892937784633e-01
6.327050619673905141e-01
6.309081654012739238e-01
6.288757020965584088e-01
6.271349962167636072e-01
6.260112366546904950e-01
6.253034390806243570e-01
6.245720543946871040e-01
6.236948116103817608e-01
6.230354736277577965e-01
6.230151431071527801e-01
6.245076680451808748e-01
6.269303643454381403e-01
6.284137944273804344e-01
6.285932871569080982e-01
6.282496352319401067e-01
6.278414083848510296e-01
6.275124189096510374e-01
6.272014094397400097e-01
6.270341013844840106e-01
6.271043699871746702e-01
6.268110950079472943e-01
6.256311434676458116e-01
6.240570015888846633e-01
6.229449765144923212e-01
6.227003392585577224e-01
6.232333082923222634e-01
6.245356853455554802e-01
6.256191036923532955e-01
6.262597173608901446e-01
6.268097199447498769e-01
6.272915958812353976e-01
6.272466154019495921e-01
6.269555228500325317e-01
6.274422079954351528e-01
6.508712810051552333e-01
7.352179149181391482e-01
7.723479587761508114e-01
7.307153848572248700e-01
7.063555807068083725e-01
7.004582357176902807e-01
7.011232560380915579e-01
7.024633081258854217e-01
7.021390044311439649e-01
7.009317628056769278e-01
6.996475860036955874e-01
6.990174265967771250e-01
7.000620455747349480e-01
7.024153168099364075e-01
7.036165403866945223e-01
7.029510345044960307e-01
6.852388312797704772e-01
6.048511363872682844e-01
4.701757984114187106e-01
3.392156418754941893e-01
2.653110403761539948e-01
2.527563265277086302e-01
2.530361751922708402e-01
2.571309932839359602e-01
2.627860416713903580e-01
2.663110513999811801e-01
2.670637130243493917e-01
2.629150926533133648e-01
2.294327915145781271e-01
1.807150193502729818e-01
1.404339716856779219e-01
1.235519316230493381e-01
1.224706842375203469e-01
1.224654642492467999e-01
1.224286804388012989e-01
1.223792030399722397e-01
1.223886831040188472e-01
1.224599568337803451e-01
1.225268063782359446e-01
1.225476263661244153e-01
1.225308198760185485e-01
1.225115199261826576e-01
1.225094098514670493e-01
1.225459083174995495e-01
1.226024182062711715e-01
1.226431235008505205e-01
1.226344882047367413e-01
1.225730424870445090e-01
1.224838756829049191e-01
1.224005490258283507e-01
1.223444089294611625e-01
1.223242958141008419e-01
1.223521209849302016e-01
1.224480053295013554e-01
1.226249272746867819e-01
1.228666509665358314e-01
1.231250698801934496e-01
1.233445792501056404e-01
1.234843073300887217e-01
1.235035612276141198e-01
1.233223901116090176e-01
1.228302748393760857e-01
1.219930907636832818e-01
1.210118739382393394e-01
1.203746863983250898e-01
1.206746891866613824e-01
1.222372230657762099e-01
1.248073153398372159e-01
1.275589431041855015e-01
1.294880181170758315e-01
1.299514071834954321e-01
1.290006002398134677e-01
1.273223686308111169e-01
1.258212857957322350e-01
1.250855069010794740e-01
1.250067593933724963e-01
1.250067217406372888e-01
1.250063019976068168e-01
1.250043124039886822e-01
1.250017950270641276e-01
1.250002458810912653e-01
1.250000066075387384e-01
1.250000056071561283e-01
1.250000057911360429e-01
1.250000034563657214e-01
1.250000009544034729e-01
1.249999994443748985e-01
1.249999993169528811e-01
1.249999997917271843e-01
1.250000001435900843e-01
1.250000001760784296e-01
1.250000000563724623e-01
1.249999999691230601e-01
1.249999999612135398e-01
1.249999999886922120e-01
1.250000000073368256e-01
1.250000000080090101e-01
1.250000000018201551e-01
1.249999999982539245e-01
1.249999999984877097e-01
1.249999999998079592e-01
1.250000000003957390e-01
1.250000000002532974e-01
1.249999999999946987e-01
1.249999999999181349e-01
1.249999999999643341e-01
1.250000000000091038e-01
1.250000000000145994e-01
1.250000000000032752e-01
1.249999999999969746e-01
1.249999999999977240e-01
1.249999999999998890e-01
1.250000000000005551e-01
1.250000000000002220e-01
1.249999999999999029e-01
1.249999999999998890e-01
1.249999999999999722e-01
1.250000000000000000e-01
1.250000000000000000e-01
1.250000000000000000e-01
1.250000000000000000e-01
1.250000000000000000e-01
1.250000000000000000e-01
1.250000000000000000e-01
1.250000000000000000e-01
1.250000000000000000e-01
1.250000000000000000e-01
1.250000000000000000e-01
1.250000000000000000e-01
1.250000000000000000e-01
1.250000000000000000e-01
1.250000000000000000e-01
