1.000000000000000000e+00
1.000000000000000000e+00
1.000000000000000000e+00
1.000000000000000000e+00
1.000000000000000000e+00
1.000000000000000000e+00
1.000000000000000000e+00
1.000000000000000000e+00
1.000000000000000000e+00
1.000000000000000000e+00
1.000000000000000000e+00
1.000000000000000000e+00
1.000000000000000000e+00
1.000000000000000000e+00
1.000000000000000000e+00
1.000000000000000000e+00
1.000000000000000000e+00
1.000000000000000000e+00
1.000000000000000000e+00
1.000000000000000000e+00
1.000000000000000000e+00
1.000000000000000000e+00
1.000000000000000000e+00
9.999999999999995559e-01
9.999999999999978906e-01
9.999999999999974465e-01
1.000000000000000888e+00
1.000000000000005551e+00
1.000000000000000222e+00
9.999999999999743538e-01
9.999999999999582556e-01
1.000000000000022427e+00
1.000000000000167200e+00
1.000000000000162315e+00
9.999999999996833644e-01
9.999999999989985788e-01
9.999999999995071720e-01
1.000000000002416067e+00
1.000000000005214940e+00
1.000000000000554667e+00
9.999999999849424892e-01
9.999999999747148927e-01
1.000000000004768186e+00
1.000000000081602280e+00
1.000000000116742171e+00
9.999999999549730179e-01
9.999999995970153543e-01
9.999999994581258989e-01
1.000000000182762250e+00
1.000000001681839112e+00
1.000000002108182295e+00
9.999999986983443279e-01
9.999999913552632957e-01
9.999999841288882418e-01
9.999999888352627542e-01
9.999999896772846508e-01
9.999993605927097740e-01
9.999830968390788222e-01
9.999395290271534398e-01
9.998902479245116437e-01
9.998642444468943680e-01
9.998622448341495383e-01
9.998450906400011551e-01
9.972730446732230858e-01
9.876450437515191805e-01
9.702763930612537946e-01
9.473312073086856966e-01
9.217651012136305333e-01
8.959675526879339325e-01
8.712424936341979231e-01
8.480553847381984145e-01
8.264388866610242745e-01
8.062800905125708795e-01
7.874398802913181727e-01
7.697871306809320746e-01
7.532095810188635943e-01
7.376043751604113297e-01
7.228845286200896725e-01
7.089715032601402456e-01
6.957987029872062523e-01
6.833101358801362268e-01
6.714648282066906226e-01
6.602477504800247088e-01
6.496977112263878640e-01
6.399721633795136810e-01
6.314215410259418348e-01
6.246265918021955965e-01
6.201815625795139564e-01
6.184552993383483077e-01
6.197444378992565950e-01
6.264354153734146280e-01
6.327676060295353011e-01
6.347956339514189139e-01
6.347959591183822692e-01
6.346455648733236865e-01
6.341852787856934182e-01
6.330696830902209360e-01
6.312567729867190058e-01
6.291430045228132428e-01
6.273616731095977839e-01
6.262393854865173637e-01
6.255173665262461213e-01
6.247265953625930068e-01
6.237896142883274653e-01
6.231050750541666794e-01
6.230278591271636301e-01
6.241727430269945476e-01
6.264019196757557584e-01
6.280973970006236140e-01
6.285703204895203289e-01
6.284310294688321141e-01
6.280205065596503600e-01
6.275594442595963107e-01
6.271556368730810682e-01
6.269875471844283954e-01
6.271385944746449281e-01
6.270005730580838765e-01
6.259174162445532152e-01
6.243168612370081361e-01
6.231056152548682947e-01
6.227301609131370430e-01
6.230445729939491084e-01
6.242027339361529981e-01
6.254900990600770205e-01
6.262638090378617184e-01
6.266274972411570721e-01
6.269798340586311136e-01
6.273142388738529585e-01
6.274322091960334857e-01
6.274884089475569748e-01
6.273960311940558476e-01
6.273670380690068438e-01
6.437565656549527615e-01
7.293342590326942210e-01
7.713174788428659445e-01
7.337616541625472388e-01
7.082388242264131550e-01
7.011323758173563236e-01
7.006411721515505286e-01
7.044098359432220402e-01
7.058393385910834983e-01
7.029461575992895783e-01
6.983748815278203459e-01
6.965043143934676051e-01
6.987794987522947254e-01
7.024029843663307515e-01
7.037071270402797118e-01
7.035872746703741853e-01
7.026796111730244654e-01
6.701599421763917430e-01
5.706486849495074898e-01
4.320418879914156851e-01
3.138774941932622187e-01
2.594300798896369553e-01
2.537855185415820447e-01
2.540684982885287324e-01
2.577803947266958939e-01
2.628194197624549311e-01
2.666786201415761171e-01
2.684033067005325845e-01
2.634027964193303983e-01
2.338156308409770623e-01
1.857156447443975567e-01
1.439966606250634995e-01
1.242102186009276660e-01
1.224836607758091750e-01
1.224806065444629388e-01
1.224395848841582923e-01
1.223661710756182991e-01
1.223371986766086938e-01
1.223784151522384067e-01
1.224504446101038202e-01
1.225045153902604989e-01
1.225251077965727881e-01
1.225169893695151335e-01
1.225108846826257203e-01
1.225138550710124508e-01
1.225274252130135327e-01
1.225632412578897407e-01
1.226127734994267027e-01
1.226423248021132756e-01
1.226214842850624348e-01
1.225512118202632950e-01
1.224609207726071181e-01
1.223831802697661481e-01
1.223354347442394130e-01
1.223261088604332553e-01
1.223690905158136277e-01
1.224854517668898940e-01
1.226822807882284871e-01
1.229334301228252185e-01
1.231860005514387180e-01
1.233886006009510122e-01
1.235045186106332044e-01
1.234836405592845132e-01
1.232305761980242026e-01
1.226379261248215641e-01
1.217252616276588845e-01
1.207804590030315955e-01
1.203456119042278921e-01
1.209702814476286831e-01
1.228365959139137015e-01
1.255241759227490872e-01
1.281317887153529678e-01
1.297201609901046659e-01
1.298083648374303845e-01
1.286228073829946972e-01
1.269266166104585092e-01
1.255768970643092453e-01
1.250379695946882141e-01
1.250066517850567660e-01
1.250065690683896391e-01
1.250059747291786538e-01
1.250037368994178777e-01
1.250013551565530845e-01
1.250001217127690023e-01
1.250000024134260423e-01
1.250000062279575108e-01
1.250000054350476342e-01
1.250000028151226350e-01
1.250000006220306215e-01
1.249999993751894772e-01
1.249999993739646098e-01
1.249999998623111536e-01
1.250000001648377546e-01
1.250000001615646505e-01
1.250000000399740241e-01
1.249999999645134974e-01
1.249999999640958315e-01
1.249999999918349897e-01
1.250000000081436802e-01
1.250000000074405482e-01
1.250000000012640999e-01
1.249999999981397936e-01
1.249999999985964699e-01
1.249999999998950284e-01
1.250000000004070078e-01
1.250000000002350342e-01
1.249999999999835826e-01
1.249999999999178157e-01
1.249999999999668043e-01
1.250000000000100475e-01
1.250000000000143774e-01
1.250000000000031086e-01
1.249999999999968914e-01
1.249999999999976963e-01
1.249999999999999722e-01
1.250000000000006106e-01
1.250000000000001388e-01
1.249999999999998612e-01
1.249999999999998890e-01
1.249999999999999722e-01
1.250000000000000000e-01
1.250000000000000000e-01
1.250000000000000000e-01
1.250000000000000000e-01
1.250000000000000000e-01
1.250000000000000000e-01
1.250000000000000000e-01
1.250000000000000000e-01
1.250000000000000000e-01
1.250000000000000000e-01
1.250000000000000000e-01
1.250000000000000000e-01
