1.000000000000000000e+00
1.000000000000000000e+00
1.000000000000000000e+00
1.000000000000000000e+00
1.000000000000000000e+00
1.000000000000000000e+00
1.000000000000000000e+00
1.000000000000000000e+00
1.000000000000000000e+00
1.000000000000000000e+00
1.000000000000000000e+00
1.000000000000000000e+00
1.000000000000000000e+00
1.000000000000000000e+00
1.000000000000000000e+00
1.000000000000000000e+00
1.000000000000000000e+00
1.000000000000000000e+00
1.000000000000000000e+00
1.000000000000000000e+00
9.999999999999997780e-01
9.999999999999991118e-01
9.999999999999978906e-01
9.999999999999983347e-01
1.000000000000002220e+00
1.000000000000005329e+00
9.999999999999948930e-01
9.999999999999664713e-01
9.999999999999636957e-01
1.000000000000053957e+00
1.000000000000194511e+00
1.000000000000104139e+00
9.999999999995151656e-01
9.999999999989342969e-01
9.999999999999207301e-01
1.000000000003210321e+00
1.000000000005172751e+00
9.999999999981882270e-01
9.999999999815158969e-01
9.999999999762307912e-01
1.000000000016614710e+00
1.000000000095520036e+00
1.000000000105896181e+00
9.999999999007972429e-01
9.999999995412026665e-01
9.999999995117107021e-01
1.000000000402661904e+00
1.000000001876870215e+00
1.000000001832681784e+00
9.999999978368241393e-01
9.999999903524406930e-01
9.999999838046974565e-01
9.999999893232350834e-01
9.999999859245081169e-01
9.999987862042646336e-01
9.999793843974910112e-01
9.999341899401867906e-01
9.998869235881102657e-01
9.998649331678768348e-01
9.998635362843981689e-01
9.997892437807595067e-01
9.967884916776595938e-01
9.866708529727393762e-01
9.691679585724500834e-01
9.464736014294117261e-01
9.214284662076878130e-01
8.962631915945286076e-01
8.721530028012431934e-01
8.495216881990714786e-01
8.283856069458948035e-01
8.086415425582523797e-01
7.901581452115010729e-01
7.728148111676766963e-01
7.565035764179048883e-01
7.411299893815574968e-01
7.266096940501775014e-01
7.128689836730199847e-01
6.998441151665557580e-01
6.874801973172504077e-01
6.757343619677544933e-01
6.645806438827548401e-01
6.540282747518981754e-01
6.441658902886685523e-01
6.352332545879261216e-01
6.276948304120556488e-01
6.221502364984325961e-01
6.190675818333182256e-01
6.186501296260504823e-01
6.226775196565433879e-01
6.298998486536088182e-01
6.344276982222867289e-01
6.344937913367114657e-01
6.346981953306491953e-01
6.347180594761835382e-01
6.338741833366157152e-01
6.320788935946669573e-01
6.299194612790993686e-01
6.281209154525755345e-01
6.269121965714421485e-01
6.260011938492392458e-01
6.250359469710541349e-01
6.240566244657402839e-01
6.234031657884874233e-01
6.232091353641362463e-01
6.235332432792685120e-01
6.250862998416853999e-01
6.271585773947272457e-01
6.284491761960221412e-01
6.287605670581812856e-01
6.283688961455289324e-01
6.276528897107170879e-01
6.271505908516902261e-01
6.270466313240835587e-01
6.272433909210379799e-01
6.272181211837231096e-01
6.264374988126094612e-01
6.249927918277502492e-01
6.236722043160646267e-01
6.229788523128907407e-01
6.228690773319677243e-01
6.234054343235556628e-01
6.247073661631503683e-01
6.259735826595123065e-01
6.266948866826786979e-01
6.269498118869301084e-01
6.269957532997120220e-01
6.271186736627625269e-01
6.274693582739134801e-01
6.277628509401492751e-01
6.278421799703287620e-01
6.274337307362436444e-01
6.273504206582853904e-01
6.364098458671568759e-01
7.253150746701895191e-01
7.694799548674161604e-01
7.379060925159415252e-01
7.088339027443072426e-01
7.013043254211581701e-01
7.011836079949895773e-01
7.054852550739170169e-01
7.073080878272803851e-01
7.047742357128344848e-01
7.000660154530154999e-01
6.970415142761333671e-01
6.973266763119437828e-01
6.998889079940782132e-01
7.021999927200098801e-01
7.044000442904543302e-01
7.047377618744536942e-01
6.972247463012558599e-01
6.367854912760053665e-01
5.178287310870659521e-01
3.820847621788270310e-01
2.855468109086831130e-01
2.545931516590685950e-01
2.537782987590779249e-01
2.552935342475038394e-01
2.601915142980530948e-01
2.651613825225678789e-01
2.676279579421010357e-01
2.678934128729092423e-01
2.614915827634660128e-01
2.293016075468408410e-01
1.819874495851016849e-01
1.415643381380496391e-01
1.237730404678766827e-01
1.225016021934752786e-01
1.225069545041338887e-01
1.224590178061387147e-01
1.223748634228019327e-01
1.223395983840120244e-01
1.223596874070772833e-01
1.223988822005757648e-01
1.224400876660225179e-01
1.224747619293887479e-01
1.225003353757769115e-01
1.225158310293398001e-01
1.225187683732051752e-01
1.225206521782177538e-01
1.225236915953819977e-01
1.225477850648086092e-01
1.225966009491111786e-01
1.226366963064649540e-01
1.226313231063596576e-01
1.225741094556234007e-01
1.224878697299562336e-01
1.224044986214587738e-01
1.223453609419141858e-01
1.223220495370111738e-01
1.223485261967343085e-01
1.224447060106851198e-01
1.226211542577658881e-01
1.228597327224412589e-01
1.231142842175795560e-01
1.233344489591399751e-01
1.234824090069355784e-01
1.235133657750778213e-01
1.233376032066422212e-01
1.228402416257795560e-01
1.219951506911738648e-01
1.210143073494059224e-01
1.203827430115644997e-01
1.206751553617959744e-01
1.222001242598021453e-01
1.247130965762943133e-01
1.274278477344319982e-01
1.293767962614265077e-01
1.299173638617468762e-01
1.290622170635656041e-01
1.274389127685330858e-01
1.259184360110208734e-01
1.251196662268989346e-01
1.250065627812704805e-01
1.250065243746146526e-01
1.250062214527735416e-01
1.250045303797068241e-01
1.250020732973566306e-01
1.250003635483358244e-01
1.250000014766975698e-01
1.250000074878779843e-01
1.250000062460061845e-01
1.250000036933684444e-01
1.250000013951242661e-01
1.249999996638062189e-01
1.249999992752262173e-01
1.249999996810405301e-01
1.250000000887070972e-01
1.250000001874783384e-01
1.250000000869597172e-01
1.249999999839896681e-01
1.249999999579984589e-01
1.249999999808065893e-01
1.250000000039579173e-01
1.250000000091083530e-01
1.250000000037198022e-01
1.249999999988902905e-01
1.249999999981345200e-01
1.249999999993921529e-01
1.250000000003065326e-01
1.250000000003542722e-01
1.250000000000761058e-01
1.249999999999232836e-01
1.249999999999390488e-01
1.249999999999953509e-01
1.250000000000164313e-01
1.250000000000086597e-01
1.249999999999989037e-01
1.249999999999968636e-01
1.249999999999988481e-01
1.250000000000003053e-01
1.250000000000003608e-01
1.250000000000000000e-01
1.249999999999999029e-01
1.249999999999999445e-01
1.250000000000000000e-01
1.250000000000000000e-01
1.250000000000000000e-01
1.250000000000000000e-01
1.250000000000000000e-01
1.250000000000000000e-01
1.250000000000000000e-01
1.250000000000000000e-01
1.250000000000000000e-01
1.250000000000000000e-01
