1.000000000000000000e+00
1.000000000000000000e+00
1.000000000000000000e+00
1.000000000000000000e+00
1.000000000000000000e+00
1.000000000000000000e+00
1.000000000000000000e+00
1.000000000000000000e+00
1.000000000000000000e+00
1.000000000000000000e+00
1.000000000000000000e+00
1.000000000000000000e+00
1.000000000000000000e+00
1.000000000000000000e+00
1.000000000000000000e+00
1.000000000000000000e+00
1.000000000000000000e+00
1.000000000000000000e+00
9.999999999999995559e-01
9.999999999999983347e-01
9.999999999999974465e-01
9.999999999999992228e-01
1.000000000000004219e+00
1.000000000000005329e+00
9.999999999999885647e-01
9.999999999999593658e-01
9.999999999999733546e-01
1.000000000000088818e+00
1.000000000000211386e+00
1.000000000000018208e+00
9.999999999993419708e-01
9.999999999989431787e-01
1.000000000000448974e+00
1.000000000003963274e+00
1.000000000004753975e+00
9.999999999953967933e-01
9.999999999784940918e-01
9.999999999794693117e-01
1.000000000029936942e+00
1.000000000107081677e+00
1.000000000087600371e+00
9.999999998418862557e-01
9.999999994980064422e-01
9.999999995933041008e-01
1.000000000625862473e+00
1.000000002012083833e+00
1.000000001553295492e+00
9.999999968642138137e-01
9.999999892172595217e-01
9.999999853997290078e-01
9.999999876068298432e-01
9.999999893995494826e-01
9.999979681869168857e-01
9.999753676888457621e-01
9.999291281778234231e-01
9.998839632072954453e-01
9.998658718768397291e-01
9.998649191954288584e-01
9.997201442534693339e-01
9.962561752247386382e-01
9.856891005807448813e-01
9.680840757669888497e-01
9.456390529143153811e-01
9.211093128104076433e-01
8.965402286257464493e-01
8.730217560034949642e-01
8.509165580147045604e-01
8.302410743406664073e-01
8.108952411354803935e-01
7.927555998035711315e-01
7.757116376732317020e-01
7.596599606257206094e-01
7.445122095177475474e-01
7.301881286041332908e-01
7.166179309334835823e-01
7.037401708251868060e-01
6.915021634790566862e-01
6.798600615634073918e-01
6.687829402571993098e-01
6.582621660761933668e-01
6.483406807763185675e-01
6.391698699940904227e-01
6.310916402699046079e-01
6.246445377908266261e-01
6.204218780746920681e-01
6.187058617446157260e-01
6.199352326455346285e-01
6.261898908596661428e-01
6.328703647345490513e-01
6.342598093798184067e-01
6.348035422676072681e-01
6.349837047479586216e-01
6.343499984287541693e-01
6.327891930593243508e-01
6.308562415861930228e-01
6.290958375858582974e-01
6.276408617852874405e-01
6.263919959360034762e-01
6.253046234096036882e-01
6.244378818237621420e-01
6.238447290984679983e-01
6.234384303152072926e-01
6.232650026599811932e-01
6.239206843404099256e-01
6.260334052218858858e-01
6.280931570080451332e-01
6.288839977465698894e-01
6.285946933704037454e-01
6.278062235383735645e-01
6.272951010322044274e-01
6.272191695312506754e-01
6.272683203954133591e-01
6.271699284080141101e-01
6.267747102760987676e-01
6.257541589460926534e-01
6.244320285747587684e-01
6.233584650234361701e-01
6.228126157489113357e-01
6.228715612384881917e-01
6.239740618545329687e-01
6.254756596011883385e-01
6.264574977886114837e-01
6.268088383091778848e-01
6.269512290829822865e-01
6.271380627751385051e-01
6.273484676630921575e-01
6.275249022295760204e-01
6.276958171165258893e-01
6.277870794667852472e-01
6.277855338815202524e-01
6.275304157883012657e-01
6.274162546319722589e-01
6.328464194544425325e-01
7.163983702164542500e-01
7.668002701985482394e-01
7.427997259914277395e-01
7.106965011666049881e-01
7.018969477939179802e-01
7.015777725631661133e-01
7.051477399259986623e-01
7.079245612511179120e-01
7.070408310117722861e-01
7.026974598953827922e-01
6.983240579523375402e-01
6.965904250854770829e-01
6.980690561475628719e-01
7.010726171688290709e-01
7.037611139662777182e-01
7.041972415230522975e-01
7.037784063442299454e-01
6.818645012043702547e-01
5.963657043808717750e-01
4.633201251694188394e-01
3.373317544316775662e-01
2.664703749743236316e-01
2.547543733477071193e-01
2.547633794694432741e-01
2.575873243110912147e-01
2.618289333525160578e-01
2.658807577920754839e-01
2.680918778264733682e-01
2.681423723634699940e-01
2.591228903633580050e-01
2.254904788555640582e-01
1.781761599441226418e-01
1.392585774382021080e-01
1.234217357045011149e-01
1.225221904038253651e-01
1.225293325760451746e-01
1.224859254287535143e-01
1.224008973726761068e-01
1.223648236179893101e-01
1.223693763770209580e-01
1.223830626171227426e-01
1.223911806079387432e-01
1.224090728329681327e-01
1.224474034023321084e-01
1.224932054842261253e-01
1.225209118141791231e-01
1.225230833045909962e-01
1.225223280118316327e-01
1.225203210673032339e-01
1.225344499597743608e-01
1.225807289826531393e-01
1.226279440593113362e-01
1.226376918834941460e-01
1.225944759949353230e-01
1.225137360768186606e-01
1.224264125174774065e-01
1.223584090489229226e-01
1.223239220293001750e-01
1.223350879530086394e-01
1.224098194110785909e-01
1.225630823181367707e-01
1.227864567798282042e-01
1.230411933701624216e-01
1.232764357892287832e-01
1.234509001589755989e-01
1.235239315146445249e-01
1.234179356143885048e-01
1.230169070923355784e-01
1.222557300731498681e-01
1.212733796207941805e-01
1.204900226093804788e-01
1.204794772352098253e-01
1.216528993255321517e-01
1.239322006117315467e-01
1.266686590135296109e-01
1.289124189497216355e-01
1.298948438765408497e-01
1.294213611145148546e-01
1.279538042797498665e-01
1.263316715378068056e-01
1.252772563003328732e-01
1.250064991376825529e-01
1.250064618439067077e-01
1.250063757243194129e-01
1.250051466645256404e-01
1.250028238638664357e-01
1.250007710743636369e-01
1.250000290805399761e-01
1.250000069652431878e-01
1.250000054228621593e-01
1.250000044936105670e-01
1.250000022828763879e-01
1.250000001227702939e-01
1.249999992796924919e-01
1.249999995019322047e-01
1.249999999686957353e-01
1.250000001826342411e-01
1.250000001335654920e-01
1.250000000158391633e-01
1.249999999596887595e-01
1.249999999696478903e-01
1.249999999966742159e-01
1.250000000090066288e-01
1.250000000063368200e-01
1.250000000003957390e-01
1.249999999980272031e-01
1.249999999988044286e-01
1.250000000000345279e-01
1.250000000004151957e-01
1.250000000001985911e-01
1.249999999999636124e-01
1.249999999999181766e-01
1.249999999999722167e-01
1.250000000000126565e-01
1.250000000000144329e-01
1.250000000000024702e-01
1.249999999999965028e-01
1.249999999999975575e-01
1.249999999999998473e-01
1.250000000000005829e-01
1.250000000000002776e-01
1.249999999999999584e-01
1.249999999999999029e-01
1.249999999999999722e-01
1.250000000000000000e-01
1.250000000000000000e-01
1.250000000000000000e-01
1.250000000000000000e-01
1.250000000000000000e-01
1.250000000000000000e-01
1.250000000000000000e-01
