1.000000000000000000e+00
1.000000000000000000e+00
1.000000000000000000e+00
1.000000000000000000e+00
1.000000000000000000e+00
1.000000000000000000e+00
1.000000000000000000e+00
1.000000000000000000e+00
1.000000000000000000e+00
1.000000000000000000e+00
1.000000000000000000e+00
1.000000000000000000e+00
1.000000000000000000e+00
1.000000000000000000e+00
1.000000000000000000e+00
1.000000000000000000e+00
9.999999999999997780e-01
9.999999999999992228e-01
9.999999999999992228e-01
1.000000000000001332e+00
1.000000000000004885e+00
1.000000000000001998e+00
9.999999999999860112e-01
9.999999999999743538e-01
1.000000000000011102e+00
1.000000000000106581e+00
1.000000000000121458e+00
9.999999999998328004e-01
9.999999999993566258e-01
9.999999999995619060e-01
1.000000000001356026e+00
1.000000000003425704e+00
1.000000000001125544e+00
9.999999999914073179e-01
9.999999999831672426e-01
9.999999999986155519e-01
1.000000000046707083e+00
1.000000000079071860e+00
9.999999999949681362e-01
9.999999997666485507e-01
9.999999996270709790e-01
1.000000000017510882e+00
1.000000001024272001e+00
1.000000001522174831e+00
9.999999995017146981e-01
9.999999943994165585e-01
9.999999904141189111e-01
9.999999921366811151e-01
9.999999961541747862e-01
9.999999971029922552e-01
9.999887967255246535e-01
9.999406599819602448e-01
9.998712212988681847e-01
9.998205057275391106e-01
9.998110744613357692e-01
9.998102077395638609e-01
9.987850353222730293e-01
9.922542245027773378e-01
9.784692223925380850e-01
9.587071447532051760e-01
9.355339898230747853e-01
9.113950752802449928e-01
8.878025559787329213e-01
8.654355018195498683e-01
8.444383856075686756e-01
8.247618710065862668e-01
8.062962801058976003e-01
7.889331647544949311e-01
7.725719330892009129e-01
7.571252776946417740e-01
7.425139493911809829e-01
7.286687560728112301e-01
7.155297017532177284e-01
7.030426801017085614e-01
6.911625127978029415e-01
6.798497620402058628e-01
6.690749741105308512e-01
6.588218343591387693e-01
6.491106684872900434e-01
6.400463531880111745e-01
6.319136382126908646e-01
6.252233154526368741e-01
6.206537969903473950e-01
6.186466609562690788e-01
6.196357142409637531e-01
6.256795153972638523e-01
6.326415099570810163e-01
6.340671038992358177e-01
6.346325734449198563e-01
6.348519024711316572e-01
6.341275595528294007e-01
6.324999764110424971e-01
6.307027340818249783e-01
6.291267088543138764e-01
6.276946534490814855e-01
6.263272709021857620e-01
6.251804869931049113e-01
6.244375202879995923e-01
6.240510804624295194e-01
6.237691120439164960e-01
6.235086446520785586e-01
6.236512511783807167e-01
6.249330991709245442e-01
6.264377688397042565e-01
6.271825192090182410e-01
6.272152895565663577e-01
6.271143331060053949e-01
6.271294991726067414e-01
6.272425590958993213e-01
6.273031475149277725e-01
6.273370572673155898e-01
6.273164669830525453e-01
6.270225080944875629e-01
6.260999175533740191e-01
6.246562934148767177e-01
6.234370386460844626e-01
6.230982002240771367e-01
6.237817799845323252e-01
6.249319928662664392e-01
6.255999926156134983e-01
6.258358039184865884e-01
6.263771651824916464e-01
6.274834293887329162e-01
6.286209297479291580e-01
6.290552449843419547e-01
6.287606046417715255e-01
6.278320294657473433e-01
6.272653515526741552e-01
6.270150665819624880e-01
6.268273350481338158e-01
6.265339198187138692e-01
6.264799977701654976e-01
6.333213332152171082e-01
7.064592316021189866e-01
7.623953568713403017e-01
7.446879815893107102e-01
7.156656094228305287e-01
7.044666601093140246e-01
7.002970093617614245e-01
7.015594474850549433e-01
7.064450784952683859e-01
7.112104667335577002e-01
7.132979575082762924e-01
7.098356189860287602e-01
7.022894356019082629e-01
6.951625748930670978e-01
6.926458370313508528e-01
6.959151927382697389e-01
7.001405839124370534e-01
7.012761103627854764e-01
7.002575367328193190e-01
6.662784109519347409e-01
5.661150534941344903e-01
4.288584506560594867e-01
3.132746736687786471e-01
2.601830484048006653e-01
2.551115644610539857e-01
2.554896877824076595e-01
2.585774768763345888e-01
2.627669943006555875e-01
2.665903154283081888e-01
2.688479102200841964e-01
2.689588814330912681e-01
2.611959608336708039e-01
2.290674919787523134e-01
1.824618156760051679e-01
1.410880202121847504e-01
1.233595566238828017e-01
1.225630982186217965e-01
1.225712309806233496e-01
1.225644046163225503e-01
1.225302901818837165e-01
1.225021692615610308e-01
1.224730277221742492e-01
1.224179493050641249e-01
1.223418021087548935e-01
1.222872693894911655e-01
1.222880132656103264e-01
1.223578049052284344e-01
1.224644867953405547e-01
1.225464032094376043e-01
1.225485662139325083e-01
1.224716763616425230e-01
1.223755542770889743e-01
1.223437558152655341e-01
1.224150382982686219e-01
1.225591018537800642e-01
1.226921718078472917e-01
1.227391725974011222e-01
1.226886042301690849e-01
1.225810305348466328e-01
1.224724854742648833e-01
1.223978421028863450e-01
1.223619886571825216e-01
1.223599905495101614e-01
1.224003956678186150e-01
1.225057498376369985e-01
1.226866327306081333e-01
1.229307438571691641e-01
1.232097422268793457e-01
1.234776409735682118e-01
1.236392241867408370e-01
1.235434826041125200e-01
1.230062275401591215e-01
1.219930096669173680e-01
1.208167589065881065e-01
1.201022925791597196e-01
1.204270785188142484e-01
1.220678384425046836e-01
1.247354889516128218e-01
1.275663041528000696e-01
1.295184772271741613e-01
1.299662145327317997e-01
1.290492330307326241e-01
1.274100574263481445e-01
1.258996695647683073e-01
1.251141476527023733e-01
1.250074718418428266e-01
1.250074246460361471e-01
1.250070312322507926e-01
1.250050063574603409e-01
1.250022008319330302e-01
1.250003492058361643e-01
1.250000115557883817e-01
1.250000117620845008e-01
1.250000107007942229e-01
1.250000066703635393e-01
1.250000019877446356e-01
1.249999990903151309e-01
1.249999986966193605e-01
1.249999995107766715e-01
1.250000002025128676e-01
1.250000003312666252e-01
1.250000001391320392e-01
1.249999999654384242e-01
1.249999999287523950e-01
1.249999999703015063e-01
1.250000000079049545e-01
1.250000000147301615e-01
1.250000000054134475e-01
1.249999999979744120e-01
1.249999999971503351e-01
1.249999999991974753e-01
1.250000000005116740e-01
1.250000000005052070e-01
1.250000000000826006e-01
1.249999999998824551e-01
1.249999999999202860e-01
1.249999999999994588e-01
1.250000000000235922e-01
1.250000000000103251e-01
1.249999999999974742e-01
1.249999999999959754e-01
1.249999999999990286e-01
1.250000000000006106e-01
1.250000000000003331e-01
1.249999999999998612e-01
1.249999999999997780e-01
1.249999999999997918e-01
1.249999999999999445e-01
1.249999999999999445e-01
1.249999999999999445e-01
1.249999999999999445e-01
1.249999999999999445e-01
