1.000000000000000000e+00
1.000000000000000000e+00
1.000000000000000000e+00
1.000000000000000000e+00
1.000000000000000000e+00
1.000000000000000000e+00
1.000000000000000000e+00
1.000000000000000000e+00
1.000000000000000000e+00
1.000000000000000000e+00
1.000000000000000000e+00
1.000000000000000000e+00
1.000000000000000000e+00
9.999999999999995559e-01
9.999999999999983347e-01
9.999999999999970024e-01
9.999999999999983347e-01
1.000000000000003997e+00
1.000000000000006217e+00
9.999999999999908962e-01
9.999999999999610312e-01
9.999999999999675815e-01
1.000000000000073941e+00
1.000000000000210054e+00
1.000000000000072609e+00
9.999999999994361177e-01
9.999999999989001020e-01
1.000000000000046629e+00
1.000000000003437250e+00
1.000000000005224265e+00
9.999999999979192200e-01
9.999999999812232421e-01
9.999999999760931235e-01
1.000000000015676127e+00
1.000000000093079766e+00
1.000000000106986642e+00
9.999999999176034660e-01
9.999999995712316458e-01
9.999999995014590137e-01
1.000000000274169576e+00
1.000000001698864383e+00
1.000000002019311607e+00
9.999999986551026954e-01
9.999999912871870844e-01
9.999999846370291046e-01
9.999999876213980787e-01
9.999999932607573916e-01
9.999996866149505337e-01
9.999866983878833437e-01
9.999478966026340565e-01
9.999001958957522973e-01
9.998714972187436878e-01
9.998679072897210807e-01
9.998672602461612380e-01
9.984289300360622565e-01
9.912268596380811037e-01
9.770796111037889364e-01
9.573564249214806532e-01
9.345952146767055879e-01
9.110220131491739703e-01
8.880312899735880450e-01
8.662162996373179435e-01
8.457157580147200981e-01
8.264803935795902445e-01
8.084090284550877747e-01
7.913992099892330767e-01
7.753555912475311729e-01
7.601939886401539725e-01
7.458378230221787142e-01
7.322203764107900748e-01
7.192811998604492496e-01
7.069676296746393307e-01
6.952332636771869634e-01
6.840392170788067716e-01
6.733547192298292572e-01
6.631610070358370246e-01
6.534655763870523826e-01
6.443359775106752840e-01
6.359679426292011994e-01
6.287458310316378363e-01
6.232287016532144230e-01
6.198644196698469555e-01
6.189322352653855441e-01
6.214277313657857738e-01
6.283970144193041785e-01
6.334882842786824231e-01
6.347732998113332359e-01
6.348145562530695951e-01
6.345492886920147679e-01
6.337139788979158084e-01
6.323050968470336208e-01
6.305046400497176240e-01
6.285961816246821154e-01
6.269689299878747901e-01
6.258682456569799601e-01
6.251511105185819650e-01
6.244830703228684277e-01
6.237408736697174216e-01
6.232020222418108713e-01
6.231776172935533653e-01
6.245762314211346089e-01
6.268638203327115965e-01
6.283849917951921382e-01
6.286664919135087626e-01
6.283276184730154368e-01
6.278014099084979760e-01
6.274366844796618325e-01
6.271343825246704640e-01
6.269966158462153549e-01
6.270161174612157717e-01
6.266930112500611605e-01
6.255267793330421267e-01
6.240321693795867208e-01
6.229982606400610301e-01
6.227558751111260671e-01
6.232202848688288555e-01
6.244815882674286112e-01
6.257447576647170440e-01
6.264858614194023234e-01
6.268382476433107531e-01
6.270927269432499118e-01
6.273105553339153317e-01
6.274464533493413487e-01
6.275599006722824003e-01
6.276965955790335672e-01
6.277621271700827288e-01
6.277279486903185601e-01
6.276773746461701275e-01
6.276687325672772877e-01
6.272413546687909403e-01
6.266181897002857104e-01
6.235200753822928155e-01
6.270534221600321256e-01
7.009089227409215361e-01
7.667816202782568036e-01
7.509919220459986278e-01
7.134496454353326245e-01
7.015348147261516454e-01
7.002082495662053097e-01
7.042269714696363092e-01
7.090202258880810016e-01
7.106291718680263214e-01
7.076804841819953618e-01
7.022459601544165375e-01
6.980594868086228422e-01
6.966829432304642022e-01
6.984072581900525600e-01
7.015009911340960302e-01
7.041168522654934758e-01
7.042998234683398584e-01
7.040662133561454983e-01
6.930960571958160177e-01
6.306360894164925179e-01
5.113958791617276844e-01
3.784305032700397420e-01
2.849918488230424596e-01
2.557469441080935657e-01
2.550208540703719495e-01
2.564903717548983608e-01
2.605059328772226235e-01
2.647338012871073287e-01
2.678212080297689424e-01
2.691479303084348129e-01
2.689168822516147528e-01
2.577975768346523755e-01
2.253656194604088947e-01
1.793213823455913625e-01
1.395392831554939927e-01
1.233367973368790921e-01
1.225547133246080306e-01
1.225547025499826859e-01
1.225340159732548062e-01
1.224786910186725225e-01
1.224481970806804293e-01
1.224432028415157331e-01
1.224315731802324420e-01
1.224015602191702301e-01
1.223688152154243508e-01
1.223545440352543923e-01
1.223693318811330255e-01
1.224083634741397197e-01
1.224580999652122026e-01
1.224992215803491213e-01
1.225171164971162879e-01
1.225186223377403155e-01
1.225185428091629253e-01
1.225192414421960724e-01
1.225369875753340027e-01
1.225794508567648738e-01
1.226238930700916524e-01
1.226342947077120327e-01
1.225943657492050837e-01
1.225168947643148626e-01
1.224304110143542984e-01
1.223603001291865278e-01
1.223226487719723532e-01
1.223320963893126806e-01
1.224069860223440109e-01
1.225598883452493348e-01
1.227801833188919278e-01
1.230306826215696037e-01
1.232656405342256178e-01
1.234471620190850799e-01
1.235309635180867061e-01
1.234311946092471191e-01
1.230275067476407636e-01
1.222602761076582029e-01
1.212774623797635704e-01
1.204990972682304234e-01
1.204847021939425555e-01
1.216277403410735286e-01
1.238540936681378352e-01
1.265469602371384616e-01
1.287922342588944113e-01
1.298331387742601983e-01
1.294506833272892066e-01
1.280539594024428240e-01
1.264391016617831820e-01
1.253405460137987926e-01
1.250082272206053668e-01
1.250062881872900100e-01
1.250062337058713557e-01
1.250052328192641504e-01
1.250030813982036249e-01
1.250009607283475987e-01
1.250000571876054567e-01
1.250000057306121237e-01
1.250000051289069658e-01
1.250000048654578422e-01
1.250000027103791989e-01
1.250000004870065740e-01
1.249999993503594642e-01
1.249999994106955614e-01
1.249999998794496803e-01
1.250000001611966671e-01
1.250000001564723906e-01
1.250000000404206113e-01
1.249999999664159755e-01
1.249999999638546633e-01
1.249999999903277093e-01
1.250000000074562023e-01
1.250000000079039830e-01
1.250000000019049207e-01
1.249999999982930321e-01
1.249999999983893578e-01
1.249999999997091216e-01
1.250000000003910761e-01
1.250000000003026190e-01
1.250000000000260070e-01
1.249999999999137079e-01
1.249999999999484024e-01
1.250000000000019429e-01
1.250000000000169587e-01
1.250000000000074385e-01
1.249999999999983069e-01
1.249999999999969746e-01
1.249999999999990286e-01
1.250000000000003608e-01
1.250000000000004163e-01
1.250000000000000278e-01
1.250000000000000278e-01
1.250000000000000278e-01
1.250000000000000278e-01
1.250000000000000278e-01
