1.000000000000000000e+00
1.000000000000000000e+00
1.000000000000000000e+00
1.000000000000000000e+00
1.000000000000000000e+00
1.000000000000000000e+00
1.000000000000000000e+00
1.000000000000000000e+00
1.000000000000000000e+00
1.000000000000000000e+00
1.000000000000000000e+00
9.999999999999995559e-01
9.999999999999980016e-01
9.999999999999973355e-01
9.999999999999991118e-01
1.000000000000004663e+00
1.000000000000004441e+00
9.999999999999840128e-01
9.999999999999558131e-01
9.999999999999814593e-01
1.000000000000110578e+00
1.000000000000220490e+00
9.999999999999782396e-01
9.999999999992670308e-01
9.999999999989316324e-01
1.000000000000587974e+00
1.000000000004154233e+00
1.000000000004754641e+00
9.999999999951820762e-01
9.999999999783693028e-01
9.999999999792386074e-01
1.000000000028179681e+00
1.000000000103981268e+00
1.000000000091365804e+00
9.999999998651334376e-01
9.999999995270050235e-01
9.999999995585027168e-01
1.000000000472476502e+00
1.000000001890743340e+00
1.000000001817788586e+00
9.999999977391669237e-01
9.999999900361220551e-01
9.999999830011883084e-01
9.999999907503285268e-01
9.999999920937151510e-01
9.999992705364504353e-01
9.999836335214955518e-01
9.999430158184877682e-01
9.998968660700140454e-01
9.998714026318986647e-01
9.998688955478661766e-01
9.998683857773691397e-01
9.980640800737458074e-01
9.904252692744287545e-01
9.760306195156288611e-01
9.564155923854249508e-01
9.340154400110607380e-01
9.109426969994731671e-01
8.884768039065005230e-01
8.671475028938897545e-01
8.470827451903557570e-01
8.282267519973791625e-01
8.104892233876479501e-01
7.937711762152260819e-01
7.779843320193940981e-01
7.630482432533103321e-01
7.488911152139949845e-01
7.354487608484765460e-01
7.226638603611910128e-01
7.104857911840305462e-01
6.988699024916682490e-01
6.877781303620770226e-01
6.771790059384421578e-01
6.670499270689359550e-01
6.573846248176445917e-01
6.482150044001321332e-01
6.396626587949090226e-01
6.320065245758929029e-01
6.257261069885263760e-01
6.213480157041655350e-01
6.192741303945614728e-01
6.195436477717529700e-01
6.246980523813170372e-01
6.314360189838927884e-01
6.345999607306377355e-01
6.345289802001597979e-01
6.345768180990924989e-01
6.343474407637489376e-01
6.332533240747131309e-01
6.313907872010933175e-01
6.293000092948675128e-01
6.275958331405444568e-01
6.264776347816364277e-01
6.256631812275011972e-01
6.248125409311463541e-01
6.239326350451233072e-01
6.233542455555778350e-01
6.232498210362806823e-01
6.238464929258377145e-01
6.256380476101696120e-01
6.275490787936330861e-01
6.285691490827485239e-01
6.287256961342476691e-01
6.282214321872445772e-01
6.275375399045134417e-01
6.270926732222746880e-01
6.269974140680948382e-01
6.271515342444546892e-01
6.270459003291889433e-01
6.261046139970664060e-01
6.246299905084832238e-01
6.234385783894420552e-01
6.229352953949705007e-01
6.229652780077113983e-01
6.236908933445062253e-01
6.250197017296318380e-01
6.261869778893078831e-01
6.268200145824108782e-01
6.270453934726590850e-01
6.271384173527224659e-01
6.272709137320731099e-01
6.274829364495334572e-01
6.277225310290832638e-01
6.278322593334064727e-01
6.277708012652253311e-01
6.276437469258261403e-01
6.275937427977181793e-01
6.274172715940717904e-01
6.271210192308089848e-01
6.249825522236533981e-01
6.235164374000193854e-01
6.202678805953094621e-01
6.239955466028682673e-01
7.042882694783145769e-01
7.720254462167197573e-01
7.500568695168169375e-01
7.098605211315172081e-01
7.025352603581040967e-01
7.011822148266835253e-01
7.037520983680408682e-01
7.078048064990846155e-01
7.102485923191000916e-01
7.094734026693448881e-01
7.053143039173425111e-01
7.000377152141218362e-01
6.967797590013206088e-01
6.972035111149997855e-01
7.005294029882088713e-01
7.032002683384110941e-01
7.034651712741353258e-01
7.042881367594597819e-01
7.037996315491759081e-01
6.777107278120019229e-01
5.877252938784059966e-01
4.568110430044427517e-01
3.358220596710178030e-01
2.676783428583330848e-01
2.553880686104172959e-01
2.554574592828895430e-01
2.576202264500638828e-01
2.620857914700008284e-01
2.662512601431542003e-01
2.688666025466339149e-01
2.698042486718508215e-01
2.675233538527054256e-01
2.560802277517552072e-01
2.215940628829565495e-01
1.758361164783144859e-01
1.368411209888674984e-01
1.228763739772762292e-01
1.225099473854769361e-01
1.225474335887171418e-01
1.225313050458434888e-01
1.224938227363070314e-01
1.224782870246570454e-01
1.224778630545504537e-01
1.224643589775254310e-01
1.224301473232699278e-01
1.223915273060002251e-01
1.223667410183372634e-01
1.223592811415726844e-01
1.223694491074355239e-01
1.223983762048228147e-01
1.224420134839587088e-01
1.224863485901513949e-01
1.225130730354937469e-01
1.225188275295952117e-01
1.225188434715833857e-01
1.225182511249073430e-01
1.225285432980819100e-01
1.225661523518344065e-01
1.226133149066988698e-01
1.226351874947963355e-01
1.226091557740056071e-01
1.225407439855093344e-01
1.224550813989316173e-01
1.223785202812629064e-01
1.223292904576246398e-01
1.223223882791166922e-01
1.223769802747920465e-01
1.225087210783235986e-01
1.227131790593569832e-01
1.229585957512567967e-01
1.232006077488506240e-01
1.234017258195147654e-01
1.235230443993910743e-01
1.234888918356170789e-01
1.231792860098553793e-01
1.225051049264610364e-01
1.215494249539951499e-01
1.206629294188587831e-01
1.203871031018380888e-01
1.211882965444317228e-01
1.231386061325623199e-01
1.257670864293025659e-01
1.282174051201875331e-01
1.296558723376095845e-01
1.296830836673767418e-01
1.285295192531762110e-01
1.269056739235602804e-01
1.255960239169140458e-01
1.250451822542641978e-01
1.250062327500084947e-01
1.250061736562270709e-01
1.250057124971949707e-01
1.250037877511963602e-01
1.250015374699970649e-01
1.250002109283193386e-01
1.250000062684446800e-01
1.250000046209538695e-01
1.250000053350821538e-01
1.250000036574025197e-01
1.250000012485628642e-01
1.249999995843417977e-01
1.249999992960662831e-01
1.249999997099585786e-01
1.250000000938351064e-01
1.250000001814370321e-01
1.250000000845981618e-01
1.249999999854327914e-01
1.249999999586990096e-01
1.249999999797623135e-01
1.250000000029406477e-01
1.250000000091743835e-01
1.250000000043399728e-01
1.249999999992347510e-01
1.249999999980393045e-01
1.249999999991776578e-01
1.250000000002253198e-01
1.250000000003992917e-01
1.250000000001335321e-01
1.249999999999358014e-01
1.249999999999233391e-01
1.249999999999827083e-01
1.250000000000161537e-01
1.250000000000132672e-01
1.250000000000010270e-01
1.249999999999961697e-01
1.249999999999979600e-01
1.250000000000001388e-01
1.250000000000001388e-01
1.250000000000001388e-01
1.250000000000001388e-01
1.250000000000001388e-01
