1.000000000000000000e+00
1.000000000000000000e+00
1.000000000000000000e+00
1.000000000000000000e+00
1.000000000000000000e+00
1.000000000000000000e+00
1.000000000000000000e+00
1.000000000000000000e+00
1.000000000000000000e+00
9.999999999999997780e-01
9.999999999999992228e-01
9.999999999999996669e-01
1.000000000000002665e+00
1.000000000000005995e+00
1.000000000000000444e+00
9.999999999999819034e-01
9.999999999999737987e-01
1.000000000000020650e+00
1.000000000000118572e+00
1.000000000000114353e+00
9.999999999997957190e-01
9.999999999993296473e-01
9.999999999996039834e-01
1.000000000001448397e+00
1.000000000003467449e+00
1.000000000001102896e+00
9.999999999914322979e-01
9.999999999830527786e-01
9.999999999976918463e-01
1.000000000045028425e+00
1.000000000079591667e+00
1.000000000002782219e+00
9.999999997824067233e-01
9.999999996286517145e-01
9.999999999658213401e-01
1.000000000908977116e+00
1.000000001576967001e+00
9.999999999715282195e-01
9.999999949965060475e-01
9.999999895048419241e-01
9.999999914626604980e-01
9.999999990211413392e-01
9.999999985557354032e-01
9.999942162514027233e-01
9.999566772677819237e-01
9.998916155050735499e-01
9.998345955046807898e-01
9.998170242570098010e-01
9.998161352158578818e-01
9.994881550899991085e-01
9.952936526885143298e-01
9.846026995614628463e-01
9.678078685567511608e-01
9.470458028977956078e-01
9.246292955099369992e-01
9.022447409606257906e-01
8.807456231851562567e-01
8.604195185863123818e-01
8.412835991968116156e-01
8.232626311750539383e-01
8.062669160974400562e-01
7.902084604278417634e-01
7.750094708475167016e-01
7.605973905172633831e-01
7.469100218634124877e-01
7.338898210867969008e-01
7.214872077063456679e-01
7.096571668098466956e-01
6.983610199368730509e-01
6.875649822216605145e-01
6.772406121502281273e-01
6.673654765660210764e-01
6.579271135565252226e-01
6.489385507087276350e-01
6.404841968512531292e-01
6.327901087764270516e-01
6.263060926364230063e-01
6.216074436826818372e-01
6.192359838294327901e-01
6.193568180789154054e-01
6.242379407239804223e-01
6.311132256521748696e-01
6.344506355660277652e-01
6.343517934295442862e-01
6.343884933703956008e-01
6.341331420754380277e-01
6.330191056741082400e-01
6.312441226582640175e-01
6.292821878924703682e-01
6.276115999968281400e-01
6.264231200678487266e-01
6.255704113632436503e-01
6.248001013808176518e-01
6.240696724540236717e-01
6.235921343816177576e-01
6.235019332486247956e-01
6.238128040380392925e-01
6.247780799767340687e-01
6.260579088408126935e-01
6.267562553403931425e-01
6.272037015399237747e-01
6.273941967633648309e-01
6.272832479908158065e-01
6.270868803344079589e-01
6.270500986391520648e-01
6.272997253466668921e-01
6.275093589038134301e-01
6.272761760590672697e-01
6.261737691671794837e-01
6.247166663830416855e-01
6.236848408709251279e-01
6.233776241153313746e-01
6.236626297771827865e-01
6.244749423327126125e-01
6.252946202682009291e-01
6.258912569468999543e-01
6.265100707716017014e-01
6.273451995795782388e-01
6.282237007125118788e-01
6.288045094274506974e-01
6.288988098829298989e-01
6.283249713581710028e-01
6.274385655852858790e-01
6.268593586764216186e-01
6.267560004983290245e-01
6.267724728767219977e-01
6.267092053415254105e-01
6.265443225257419924e-01
6.260331299343695477e-01
6.237229018358951826e-01
6.231374408565103495e-01
6.209193087831633706e-01
6.239859054566523344e-01
6.981045903178998424e-01
7.743147956896104800e-01
7.514016954953925964e-01
7.051613914003950212e-01
7.047070258702307077e-01
7.056995890865142007e-01
7.065772660723895759e-01
7.064205254618509677e-01
7.059117309824488595e-01
7.070101932150316681e-01
7.089367970611176739e-01
7.097104473043235329e-01
7.066875546890956095e-01
7.015512821506506569e-01
6.972239103131855353e-01
6.954653666237292642e-01
6.972032298146068063e-01
7.001489230532066399e-01
7.022494393584107764e-01
7.009073910918317551e-01
6.616760079425521024e-01
5.571850963736381113e-01
4.230165483791160086e-01
3.122990221086632268e-01
2.609917754427574232e-01
2.555769084326092178e-01
2.560238548043460849e-01
2.591672652614357975e-01
2.633180090776140458e-01
2.669869442575054652e-01
2.695323478242963033e-01
2.706034777275846959e-01
2.679043732592453209e-01
2.583453029138779167e-01
2.253527933025021024e-01
1.795007439606504107e-01
1.391358566558231202e-01
1.228780389073546447e-01
1.222775073651288652e-01
1.223467622377266834e-01
1.223594373948694719e-01
1.224038792730725023e-01
1.224657289662734322e-01
1.225166774646045398e-01
1.225414262838765284e-01
1.225374659781791609e-01
1.225189320278070731e-01
1.224827349526956960e-01
1.224255671735062362e-01
1.223541705979204752e-01
1.222966252073206250e-01
1.222851066313824786e-01
1.223356831161827168e-01
1.224334812462185423e-01
1.225244176803550605e-01
1.225493685178445646e-01
1.224935872285807109e-01
1.224005907129810389e-01
1.223490021716777398e-01
1.223897088163841129e-01
1.225134706010425484e-01
1.226526181386537323e-01
1.227281165532448648e-01
1.227088274929458850e-01
1.226183625146744366e-01
1.225077725924859917e-01
1.224190223929817606e-01
1.223677147847022501e-01
1.223538510223793757e-01
1.223810319745124026e-01
1.224662897270808737e-01
1.226223062593988639e-01
1.228451042714559238e-01
1.231176498564760385e-01
1.234044417638842789e-01
1.236211928535466686e-01
1.236186528016860880e-01
1.232126571776472335e-01
1.223094387422093421e-01
1.211297576550789123e-01
1.202305916888587595e-01
1.202224940233084516e-01
1.214547743954345893e-01
1.238286769074365690e-01
1.266618685018333634e-01
1.289561522765581836e-01
1.299232280727515565e-01
1.294565500332036656e-01
1.280217468858002305e-01
1.264077478891358908e-01
1.253248387792127716e-01
1.250074711207246614e-01
1.250071693114636062e-01
1.250070975750654789e-01
1.250058459727215188e-01
1.250033148947043149e-01
1.250009673369436303e-01
1.250000480340937858e-01
1.250000119732176118e-01
1.250000103532265538e-01
1.250000082264076939e-01
1.250000040264926116e-01
1.250000002384613063e-01
1.249999987048111411e-01
1.249999990514043813e-01
1.249999998849768423e-01
1.250000003112995139e-01
1.250000002589554127e-01
1.250000000526678146e-01
1.249999999371412540e-01
1.249999999417072682e-01
1.249999999874323586e-01
1.250000000133588418e-01
1.250000000121699872e-01
1.250000000022775948e-01
1.249999999971111442e-01
1.249999999976664916e-01
1.249999999997201267e-01
1.250000000006192546e-01
1.250000000004060641e-01
1.250000000000046074e-01
1.249999999998737399e-01
1.249999999999376332e-01
1.250000000000090483e-01
1.250000000000232037e-01
1.250000000000070222e-01
1.249999999999969608e-01
1.249999999999969608e-01
1.249999999999969608e-01
1.249999999999969608e-01
1.249999999999969608e-01
