1.000000000000000000e+00
1.000000000000000000e+00
1.000000000000000000e+00
1.000000000000000000e+00
1.000000000000000000e+00
1.000000000000000000e+00
9.999999999999993339e-01
9.999999999999975575e-01
9.999999999999966693e-01
9.999999999999992228e-01
1.000000000000004663e+00
1.000000000000005329e+00
9.999999999999867883e-01
9.999999999999561462e-01
9.999999999999708011e-01
1.000000000000091260e+00
1.000000000000223377e+00
1.000000000000048184e+00
9.999999999993758326e-01
9.999999999988752331e-01
1.000000000000129674e+00
1.000000000003573586e+00
1.000000000005267342e+00
9.999999999979093390e-01
9.999999999813822260e-01
9.999999999758792946e-01
1.000000000013255619e+00
1.000000000088811847e+00
1.000000000109887210e+00
9.999999999403881290e-01
9.999999996020616511e-01
9.999999994792646563e-01
1.000000000145820689e+00
1.000000001560432228e+00
1.000000002160902124e+00
9.999999993233836815e-01
9.999999922338848046e-01
9.999999859549832948e-01
9.999999867953363042e-01
9.999999893231270587e-01
9.999999959590879506e-01
9.999921507854381275e-01
9.999603214151321362e-01
9.999142049183826764e-01
9.998790968767607978e-01
9.998716380814023363e-01
9.998709638182390336e-01
9.993218378478516684e-01
9.945334328658745893e-01
9.833441523953495578e-01
9.664502121308747862e-01
9.459299154957486744e-01
9.239695577698567863e-01
9.021087353887581317e-01
8.811145741528262354e-01
8.612508562006909729e-01
8.425272956115750222e-01
8.248784381122116205e-01
8.082171593892292227e-01
7.924620072569046325e-01
7.775369418339538319e-01
7.633742452512182197e-01
7.499118618139597459e-01
7.370947850316336147e-01
7.248736102761366151e-01
7.132041772781436695e-01
7.020476704960025849e-01
6.913698472771743209e-01
6.811421211903841977e-01
6.713416497972327646e-01
6.619545734564138417e-01
6.529855977818733725e-01
6.444879271497976347e-01
6.366176873917936962e-01
6.297043697523864170e-01
6.242345116396733617e-01
6.207033250736584407e-01
6.193286010887938398e-01
6.206723283151370785e-01
6.266967559968805723e-01
6.329237572078391105e-01
6.341942162168905384e-01
6.346858094675268402e-01
6.348435096315598880e-01
6.341108776799709856e-01
6.324293783823690118e-01
6.304769945800475783e-01
6.287964540452438689e-01
6.274305094703394037e-01
6.262300553041431073e-01
6.251743379931937739e-01
6.243692139363498095e-01
6.238699148512972803e-01
6.235452145253486123e-01
6.234024316327150261e-01
6.240326309614643296e-01
6.260260672162245577e-01
6.280457368094697346e-01
6.289035461203491550e-01
6.286615905620706046e-01
6.278269047244827705e-01
6.272493047767231378e-01
6.272004163667838084e-01
6.271992145466921409e-01
6.270839717513799760e-01
6.266296738269920841e-01
6.256450075636118546e-01
6.244182770767509050e-01
6.233904944500213707e-01
6.228491695687532470e-01
6.228936494252168554e-01
6.239770606344010595e-01
6.255176820763687084e-01
6.265503914849639422e-01
6.268810517539451510e-01
6.269541757096852574e-01
6.271593448268666382e-01
6.274569122207993566e-01
6.276499839920891555e-01
6.276768662413699795e-01
6.276585681267120576e-01
6.277145057020561136e-01
6.278024518002871535e-01
6.277674727424349399e-01
6.273683742415172571e-01
6.262066249873595725e-01
6.244213417194922622e-01
6.227795477096630394e-01
6.219770184825392789e-01
6.217574452075015357e-01
6.217017944747831315e-01
6.222096792136377896e-01
6.280568257778919028e-01
6.786321618086955665e-01
7.741934791709731423e-01
7.704247464276569035e-01
7.066167160285021787e-01
7.027097797512210642e-01
7.023877932736599661e-01
7.038658941234494648e-01
7.071369607430441073e-01
7.099560506086709522e-01
7.108467340283157743e-01
7.083842426093363009e-01
7.044988823742609485e-01
7.008319131863308682e-01
6.982267285135367318e-01
6.974046830081817028e-01
6.995137534068419649e-01
7.028066003007669149e-01
7.042747265694693226e-01
7.041859833540682345e-01
7.044522460907751693e-01
6.933588568499193805e-01
6.252897084966434482e-01
5.036127348146676175e-01
3.734790100871778207e-01
2.840589604761643017e-01
2.566600383612113179e-01
2.558590900808377366e-01
2.570536688364896682e-01
2.608147703210016988e-01
2.649895949647078641e-01
2.680546119808793759e-01
2.695785044053253254e-01
2.698882307018503068e-01
2.661890912761640804e-01
2.557194538034465725e-01
2.223352871005118137e-01
1.768561569350333706e-01
1.377584400235425666e-01
1.228348200035621895e-01
1.222881494092682292e-01
1.223399908892586069e-01
1.223818164591858187e-01
1.224220679131640399e-01
1.224753920603639107e-01
1.225120223665477209e-01
1.225182749218715478e-01
1.224970096370167627e-01
1.224666816772146949e-01
1.224388068598116913e-01
1.224168504245060907e-01
1.223964955221823886e-01
1.223765932038790166e-01
1.223636874024997684e-01
1.223674223615038026e-01
1.223942822296129468e-01
1.224384419241143357e-01
1.224830473907132650e-01
1.225114394622058844e-01
1.225183658294562022e-01
1.225182994735876663e-01
1.225181216661614392e-01
1.225296429732470604e-01
1.225653559651841695e-01
1.226105783260763304e-01
1.226322153248010777e-01
1.226084909274497980e-01
1.225431141987328998e-01
1.224587613916193612e-01
1.223809077106037813e-01
1.223291131954195587e-01
1.223204784045014287e-01
1.223746234330131272e-01
1.225055529257929737e-01
1.227071267856648801e-01
1.229486438987361790e-01
1.231898348381602476e-01
1.233963810178201476e-01
1.235272206961310348e-01
1.235000833174716151e-01
1.231899308902322798e-01
1.225113462495654448e-01
1.215552611736241406e-01
1.206732438739987617e-01
1.203954283827777527e-01
1.211729533921068330e-01
1.230763222339142093e-01
1.256572270944046887e-01
1.280943447022797888e-01
1.295724422912950535e-01
1.296812267562651444e-01
1.286063461040379552e-01
1.270145318971844794e-01
1.256794950180804282e-01
1.250627345687547742e-01
1.250060711343753406e-01
1.250060428440585847e-01
1.250056764289139699e-01
1.250039647213252725e-01
1.250017614440307179e-01
1.250003060560767876e-01
1.249999997755875114e-01
1.250000058077639087e-01
1.250000057958394195e-01
1.250000040140792634e-01
1.250000017254866147e-01
1.249999998063461987e-01
1.249999992707765406e-01
1.249999996048014178e-01
1.250000000344709816e-01
1.250000001845051056e-01
1.250000001112238079e-01
1.250000000024459879e-01
1.249999999591557553e-01
1.249999999730892486e-01
1.249999999984723054e-01
1.250000000090507324e-01
1.250000000060329519e-01
1.250000000003012035e-01
1.249999999980164200e-01
1.249999999987597282e-01
1.249999999999970163e-01
1.250000000004266032e-01
1.250000000002317035e-01
1.249999999999796829e-01
1.249999999999106964e-01
1.249999999999627659e-01
1.250000000000083822e-01
1.250000000000083822e-01
1.250000000000083822e-01
1.250000000000083822e-01
1.250000000000083822e-01
