1.000000000000000000e+00
1.000000000000000000e+00
1.000000000000000000e+00
1.000000000000000000e+00
1.000000000000000000e+00
9.999999999999992228e-01
9.999999999999991118e-01
1.000000000000001110e+00
1.000000000000004441e+00
1.000000000000004441e+00
9.999999999999931166e-01
9.999999999999740208e-01
9.999999999999844569e-01
1.000000000000063061e+00
1.000000000000146994e+00
1.000000000000027978e+00
9.999999999995863309e-01
9.999999999992735811e-01
1.000000000000133005e+00
1.000000000002409184e+00
1.000000000003408829e+00
9.999999999982769339e-01
9.999999999872334344e-01
9.999999999844155774e-01
1.000000000011344703e+00
1.000000000062688077e+00
1.000000000070996542e+00
9.999999999423052621e-01
9.999999997060371459e-01
9.999999996583852635e-01
1.000000000214082974e+00
1.000000001253295245e+00
1.000000001477105105e+00
9.999999987270077328e-01
9.999999929756715478e-01
9.999999889652481100e-01
9.999999938692099022e-01
9.999999996474175923e-01
1.000000000273151946e+00
9.999891832227110200e-01
9.999445161554434414e-01
9.998796375563552274e-01
9.998302110469056148e-01
9.998197186239810019e-01
9.998187752067700940e-01
9.991566879143953805e-01
9.940878998527111765e-01
9.827013984435299943e-01
9.658204957880501818e-01
9.455144491914727611e-01
9.239150023012752122e-01
9.024668020739630148e-01
8.818852487852756328e-01
8.623935154892197197e-01
8.439987661331450619e-01
8.266340178159232721e-01
8.102169410095516611e-01
7.946731094801476880e-01
7.799291415121730742e-01
7.659227351054970212e-01
7.525947093667287868e-01
7.398941922568919027e-01
7.277748575593406821e-01
7.161957228313041712e-01
7.051202050756438799e-01
6.945162485627571769e-01
6.843562959734166284e-01
6.746170792159672525e-01
6.652805449639165314e-01
6.563368737622453652e-01
6.478021667913140824e-01
6.397576797503932156e-01
6.324301076161538138e-01
6.262386960854450235e-01
6.217615000886167476e-01
6.194434168853863998e-01
6.196011109028025654e-01
6.241227797126283061e-01
6.311966250145339963e-01
6.338357266088037179e-01
6.345653913780233690e-01
6.347313209730189865e-01
6.341431367838291644e-01
6.326393946047035310e-01
6.309290443048518604e-01
6.293850513728309615e-01
6.278949348209410530e-01
6.264449155437630257e-01
6.252805668116355742e-01
6.245859064124098525e-01
6.242253635951202639e-01
6.238998256409945542e-01
6.235501684462666505e-01
6.235434743640178024e-01
6.246111040895074851e-01
6.261592391713434180e-01
6.270788053687432750e-01
6.271215891122529085e-01
6.271038193164000241e-01
6.272088504703301481e-01
6.273055453397822223e-01
6.272595401260440129e-01
6.272089099060816908e-01
6.272705570798796648e-01
6.271293838661042841e-01
6.263609663058006261e-01
6.249828240519038625e-01
6.236677703151199958e-01
6.231326069147685720e-01
6.235392456597064204e-01
6.246114588348996577e-01
6.254548770205700103e-01
6.258345086411870595e-01
6.263275908237032619e-01
6.273166911240986021e-01
6.284009259737457498e-01
6.289378701495919044e-01
6.288015509867760366e-01
6.281700993252773424e-01
6.274379385436542611e-01
6.269795951989173277e-01
6.267840913822391169e-01
6.266822977154717922e-01
6.267024127370627307e-01
6.266236736327630563e-01
6.258918658186948258e-01
6.241671041146056309e-01
6.223654436724567196e-01
6.216382185590632048e-01
6.221543367695212545e-01
6.227856464618487520e-01
6.253846636977961060e-01
6.285526567272285980e-01
6.824168909659229509e-01
7.815476321161282103e-01
7.579076926611297838e-01
6.992109488701543363e-01
7.005043420850711744e-01
7.065082734101729711e-01
7.079700860667164086e-01
7.088370832937240795e-01
7.090622417052113713e-01
7.078330295481255474e-01
7.061967950003844585e-01
7.063317363557771733e-01
7.079897223320763544e-01
7.083801647776968302e-01
7.042713052288778197e-01
6.982516892424817101e-01
6.945859117984691800e-01
6.957302679623204034e-01
6.994268652924260365e-01
7.016749906440671314e-01
7.013884175149650568e-01
6.767509117729340051e-01
5.863209494537449107e-01
4.542643840489824503e-01
3.338321707749098977e-01
2.672786448239418133e-01
2.558413109338366631e-01
2.559299203105481757e-01
2.582693529229199703e-01
2.621209628744970987e-01
2.659503421413033641e-01
2.689148679713631029e-01
2.703621415359733771e-01
2.704576600488963756e-01
2.665674573358879362e-01
2.532728145242036932e-01
2.181487283154556200e-01
1.721352770945916155e-01
1.347908959037273924e-01
1.225250050262902818e-01
1.222807156547891516e-01
1.222769698261723520e-01
1.222656640847510495e-01
1.222591769666386552e-01
1.223036411003949886e-01
1.223767175094354620e-01
1.224454612175921026e-01
1.224926464387546404e-01
1.225172810937611712e-01
1.225289932064688309e-01
1.225300324288446235e-01
1.225104507015260802e-01
1.224633017877896773e-01
1.223933334706407416e-01
1.223224112971244976e-01
1.222831154840428036e-01
1.223004811975648004e-01
1.223772001098155510e-01
1.224783438048110545e-01
1.225427152646621498e-01
1.225292566821394175e-01
1.224502058038353103e-01
1.223698286726173090e-01
1.223585641576688393e-01
1.224394262139116840e-01
1.225764576773978876e-01
1.226925709881465792e-01
1.227267773285570379e-01
1.226744616039428248e-01
1.225720996784236960e-01
1.224677959435427343e-01
1.223925245112935101e-01
1.223555284647180191e-01
1.223585457526239484e-01
1.224102536113234746e-01
1.225254039686566737e-01
1.227090761321130430e-01
1.229543639468233945e-01
1.232426120630831234e-01
1.235199377412651706e-01
1.236647108239965903e-01
1.235014922987436592e-01
1.228628682080904755e-01
1.217835438680777566e-01
1.206555892786708856e-01
1.201008033559796406e-01
1.206158576313873937e-01
1.223753730247229832e-01
1.250236044705634042e-01
1.277162408787945458e-01
1.295045777550832555e-01
1.298549970140707166e-01
1.289383455668955125e-01
1.273567913477683944e-01
1.258980753830272747e-01
1.251230229707313013e-01
1.250070344844328163e-01
1.250069966383899889e-01
1.250066970331118466e-01
1.250049624184952635e-01
1.250023614265897698e-01
1.250004627704964233e-01
1.250000056704625162e-01
1.250000107768333979e-01
1.250000107022671558e-01
1.250000067095798639e-01
1.250000025814322901e-01
1.249999995372304273e-01
1.249999987025151582e-01
1.249999993126739151e-01
1.250000000608427753e-01
1.250000003269978732e-01
1.250000002013844091e-01
1.250000000091219254e-01
1.249999999303651604e-01
1.249999999528423611e-01
1.249999999964334085e-01
1.250000000148378809e-01
1.250000000100137953e-01
1.250000000005881129e-01
1.249999999968807174e-01
1.249999999980768162e-01
1.250000000000056066e-01
1.250000000006386558e-01
1.250000000003348988e-01
1.249999999999485967e-01
1.249999999998982619e-01
1.249999999998982619e-01
1.249999999998982619e-01
1.249999999998982619e-01
1.249999999998982619e-01
