9.999999999999992228e-01
9.999999999999992228e-01
9.999999999999992228e-01
9.999999999999992228e-01
9.999999999999992228e-01
1.000000000000003109e+00
1.000000000000006661e+00
1.000000000000000000e+00
9.999999999999796829e-01
9.999999999999729106e-01
1.000000000000027534e+00
1.000000000000128786e+00
1.000000000000110356e+00
9.999999999997712941e-01
9.999999999993074429e-01
9.999999999996173061e-01
1.000000000001492140e+00
1.000000000003509193e+00
1.000000000001179501e+00
9.999999999916143745e-01
9.999999999830220254e-01
9.999999999964012121e-01
1.000000000042279957e+00
1.000000000079775297e+00
1.000000000014217516e+00
9.999999998013444635e-01
9.999999996234245625e-01
9.999999998959180347e-01
1.000000000830683966e+00
1.000000001632448843e+00
1.000000000375416587e+00
9.999999955028493481e-01
9.999999898746783078e-01
9.999999895364796165e-01
9.999999997085035064e-01
1.000000001664559157e+00
9.999976273706856489e-01
9.999697969576295531e-01
9.999112766275605191e-01
9.998511764132494983e-01
9.998228155684335539e-01
9.998209483623365923e-01
9.997598475290244702e-01
9.973693372595905382e-01
9.893292315055792763e-01
9.753199183885670198e-01
9.569045774572599861e-01
9.362290035828445545e-01
9.150688597453054962e-01
8.944435161624232355e-01
8.747866287600594148e-01
8.561866006513205729e-01
8.386119655692219066e-01
8.219892668906116917e-01
8.062452663024108901e-01
7.913090170345212782e-01
7.771174540135969977e-01
7.636115698909249350e-01
7.507394434841948572e-01
7.384543439187752911e-01
7.267140967971664756e-01
7.154816345024136437e-01
7.047230724921292877e-01
6.944093405168629829e-01
6.845149747761394288e-01
6.750186909379511935e-01
6.659032492380008161e-01
6.571579998721057692e-01
6.487926357078209749e-01
6.408704590553505609e-01
6.335804102965785223e-01
6.272936212312436588e-01
6.225594398144599362e-01
6.198093160403190804e-01
6.194547059346822149e-01
6.228646899010383819e-01
6.298358926677931624e-01
6.336520787130220933e-01
6.345409473127504585e-01
6.346635173926181706e-01
6.341750032080498700e-01
6.329307652412030638e-01
6.313282605833420158e-01
6.297348769751859310e-01
6.281430537967305217e-01
6.266129587891885455e-01
6.254390803664795495e-01
6.247554627717719633e-01
6.243548489403257795e-01
6.239478842072113673e-01
6.235587330628582503e-01
6.234589088864789241e-01
6.243985644193037476e-01
6.258983923930157012e-01
6.269184925665330921e-01
6.270422436543703348e-01
6.271193199270796992e-01
6.272670959558459547e-01
6.273362309464097786e-01
6.272221774668964578e-01
6.271425195467932312e-01
6.272660121687555490e-01
6.272234564705014837e-01
6.266392792038150139e-01
6.252346783565938537e-01
6.238311287225882795e-01
6.231954802683180583e-01
6.234518936949695611e-01
6.243883949899440289e-01
6.252643078290754941e-01
6.257328835858372296e-01
6.262362400254289918e-01
6.271603155745542058e-01
6.282137987143631142e-01
6.288207729488318742e-01
6.288175647418596803e-01
6.283520329976165497e-01
6.276368534492574591e-01
6.270575055153554400e-01
6.267592914049729957e-01
6.266509527921541034e-01
6.267170120309899506e-01
6.266700704004104505e-01
6.261143040154223405e-01
6.245491833630089085e-01
6.227510343470678000e-01
6.217218618577980971e-01
6.219744603414955053e-01
6.230371356916594161e-01
6.247879868170861384e-01
6.248646172039288293e-01
6.253525095373878573e-01
6.275784244109515742e-01
6.691055185333413258e-01
7.735231195971931095e-01
7.732235630712271934e-01
7.021857977393903827e-01
6.989783710493638891e-01
7.010196651717262029e-01
7.072923585643913214e-01
7.110722627211951696e-01
7.113648217120059902e-01
7.086238867419719645e-01
7.060790079756017468e-01
7.057521006937427233e-01
7.074514584719648891e-01
7.086632266702612704e-01
7.074472414115210439e-01
7.029432744474219952e-01
6.975239671018615972e-01
6.944067260480694115e-01
6.955255922635485977e-01
6.997101341954579112e-01
7.021531961492388785e-01
7.001070152314325945e-01
6.575955392475788530e-01
5.532114080186266714e-01
4.201962541809072249e-01
3.112900113910030964e-01
2.609610483819330695e-01
2.557512660459241860e-01
2.561556512847594225e-01
2.594596186297706275e-01
2.634036548222076779e-01
2.667921266121396906e-01
2.688373264036217347e-01
2.700350513961607413e-01
2.697330364882845610e-01
2.677505387834968054e-01
2.548915637745249319e-01
2.227430017049283617e-01
1.763614149768081285e-01
1.378835749705981661e-01
1.229976297822896053e-01
1.222833767603089400e-01
1.222799903651861642e-01
1.222590069227422610e-01
1.222395777676657108e-01
1.222472284354936961e-01
1.222814544519876950e-01
1.223302584850056718e-01
1.223884884033440423e-01
1.224473241859852096e-01
1.224959126726577474e-01
1.225253510818327951e-01
1.225350689111442126e-01
1.225270356908353259e-01
1.224982925940855394e-01
1.224446395633472934e-01
1.223732188369171109e-01
1.223080821261623985e-01
1.222825332411851540e-01
1.223166774351910485e-01
1.224040703947028574e-01
1.225000301553747506e-01
1.225446417628463514e-01
1.225107748793725776e-01
1.224258037602815180e-01
1.223598124544787447e-01
1.223729222719885240e-01
1.224735937003853248e-01
1.226111528379414534e-01
1.227084184793216376e-01
1.227182436087881773e-01
1.226502276945799913e-01
1.225450858374748514e-01
1.224467349439608832e-01
1.223795539190547926e-01
1.223510054827758320e-01
1.223651243485582574e-01
1.224335354568023837e-01
1.225671185718773953e-01
1.227663980862700732e-01
1.230244966044573285e-01
1.233193769665562461e-01
1.235806043905370022e-01
1.236628217271365932e-01
1.233823715816833727e-01
1.226045234696098857e-01
1.214603800486646068e-01
1.204269821570512350e-01
1.201272109533263605e-01
1.209671360863593947e-01
1.230031560070598273e-01
1.257363150962121923e-01
1.282615385954080367e-01
1.297058794524364456e-01
1.297162423965980693e-01
1.285789367940799455e-01
1.269744653986673022e-01
1.256508021455948199e-01
1.250555575186050039e-01
1.250069426279202256e-01
1.250068961443547289e-01
1.250064123978268937e-01
1.250043425992041768e-01
1.250018203560889773e-01
1.250002723274555305e-01
1.250000104659137468e-01
1.250000099326847303e-01
1.250000093616149832e-01
1.250000059426036036e-01
1.250000018518288847e-01
1.249999992091199302e-01
1.249999987671383955e-01
1.249999994693020283e-01
1.250000001436724073e-01
1.250000003204444488e-01
1.250000001656336179e-01
1.249999999877829532e-01
1.249999999296836084e-01
1.249999999600048262e-01
1.250000000010157708e-01
1.250000000150921775e-01
1.250000000086125551e-01
1.249999999997095657e-01
1.249999999968563758e-01
1.249999999983128218e-01
1.250000000002211564e-01
1.250000000005204726e-01
1.250000000005204726e-01
1.250000000005204726e-01
1.250000000005204726e-01
1.250000000005204726e-01
