1.000000000000000000e+00
1.000000000000000000e+00
1.000000000000000000e+00
1.000000000000000000e+00
1.000000000000000000e+00
1.000000000000000000e+00
1.000000000000000000e+00
1.000000000000000000e+00
1.000000000000000000e+00
1.000000000000000000e+00
1.000000000000000000e+00
1.000000000000000000e+00
1.000000000000000000e+00
1.000000000000000000e+00
1.000000000000000000e+00
1.000000000000000000e+00
1.000000000000000000e+00
1.000000000000000000e+00
1.000000000000000000e+00
1.000000000000000000e+00
1.000000000000000000e+00
1.000000000000000000e+00
1.000000000000000000e+00
1.000000000000000000e+00
1.000000000000000000e+00
1.000000000000000000e+00
1.000000000000000000e+00
1.000000000000000000e+00
1.000000000000000000e+00
1.000000000000000000e+00
1.000000000000000000e+00
1.000000000000000000e+00
1.000000000000000000e+00
1.000000000000000000e+00
1.000000000000000000e+00
1.000000000000000000e+00
1.000000000000000000e+00
1.000000000000000000e+00
1.000000000000000000e+00
1.000000000000000000e+00
1.000000000000000000e+00
1.000000000000000000e+00
1.000000000000000000e+00
1.000000000000000000e+00
1.000000000000000000e+00
1.000000000000000000e+00
1.000000000000000000e+00
1.000000000000000000e+00
1.000000000000000000e+00
1.000000000000000000e+00
1.000000000000000000e+00
1.000000000000000000e+00
1.000000000000000000e+00
1.000000000000000000e+00
1.000000000000000000e+00
1.000000000000000000e+00
1.000000000000000000e+00
1.000000000000000000e+00
1.000000000000000000e+00
1.000000000000000000e+00
1.000000000000000000e+00
1.000000000000000000e+00
1.000000000000000000e+00
1.000000000000000000e+00
1.000000000000000000e+00
1.000000000000000000e+00
1.000000000000000000e+00
1.000000000000000000e+00
1.000000000000000000e+00
1.000000000000000000e+00
1.000000000000000000e+00
1.000000000000000000e+00
1.000000000000000000e+00
1.000000000000000000e+00
1.000000000000000000e+00
1.000000000000000000e+00
1.000000000000000000e+00
1.000000000000000000e+00
1.000000000000000000e+00
1.000000000000000000e+00
1.000000000000000000e+00
1.000000000000000000e+00
1.000000000000000000e+00
1.000000000000000000e+00
1.000000000000000000e+00
1.000000000000000000e+00
1.000000000000000000e+00
1.000000000000000000e+00
1.000000000000000000e+00
1.000000000000000000e+00
1.000000000000000000e+00
1.000000000000000000e+00
1.000000000000000000e+00
1.000000000000000000e+00
1.000000000000000000e+00
9.999999999999978906e-01
9.999999999999956701e-01
1.000000000000012434e+00
1.000000000000030198e+00
9.999999999999087397e-01
9.999999999997537525e-01
1.000000000000567546e+00
1.000000000001895373e+00
9.999999999970166087e-01
9.999999999861479694e-01
1.000000000010655032e+00
1.000000000089304120e+00
9.999999999954092278e-01
9.999999994847297291e-01
9.999999995282882193e-01
1.000000001903016855e+00
1.000000003293611162e+00
9.999999921024105287e-01
9.999999648491585402e-01
9.999999502450893640e-01
9.999999467248907870e-01
9.999920315911456914e-01
9.999092650122326509e-01
9.997827427862189253e-01
9.997454747408667242e-01
9.997359494405571034e-01
9.919720507844199675e-01
9.502807293783936959e-01
8.760835899029841833e-01
7.918490715114512302e-01
7.200756573241924308e-01
6.688543590973384800e-01
6.324945001238170272e-01
6.100128329562580776e-01
6.045256565772293422e-01
6.146164817312758100e-01
7.117950628019755754e-01
7.627942247501429129e-01
6.488013125985484519e-01
4.179203421719849265e-01
2.448943139423478410e-01
1.818827001656754538e-01
1.527338736025840582e-01
1.280693144123263016e-01
1.237922834925660881e-01
1.297759047718371472e-01
1.317664064228997733e-01
1.301053387852321719e-01
1.273870579628197386e-01
1.254983815053663521e-01
1.250143197979269594e-01
1.250138394973351885e-01
1.250125421535369374e-01
1.250061332072897324e-01
1.250008605288545904e-01
1.250000201993921034e-01
1.250000184092978361e-01
1.250000165619779835e-01
1.250000040804244705e-01
1.249999991187024651e-01
1.249999991904767321e-01
1.250000000770594977e-01
1.250000001901777902e-01
1.250000000250283405e-01
1.249999999719245136e-01
1.249999999927198929e-01
1.250000000037632675e-01
1.250000000014853119e-01
1.249999999995577982e-01
1.249999999997617184e-01
1.250000000000499045e-01
1.250000000000337785e-01
1.249999999999942962e-01
1.249999999999956424e-01
1.250000000000006106e-01
1.250000000000004441e-01
1.249999999999998612e-01
1.249999999999999584e-01
1.250000000000000000e-01
1.250000000000000000e-01
1.250000000000000000e-01
1.250000000000000000e-01
1.250000000000000000e-01
1.250000000000000000e-01
1.250000000000000000e-01
1.250000000000000000e-01
1.250000000000000000e-01
1.250000000000000000e-01
1.250000000000000000e-01
1.250000000000000000e-01
1.250000000000000000e-01
1.250000000000000000e-01
1.250000000000000000e-01
1.250000000000000000e-01
1.250000000000000000e-01
1.250000000000000000e-01
1.250000000000000000e-01
1.250000000000000000e-01
1.250000000000000000e-01
1.250000000000000000e-01
1.250000000000000000e-01
1.250000000000000000e-01
1.250000000000000000e-01
1.250000000000000000e-01
1.250000000000000000e-01
1.250000000000000000e-01
1.250000000000000000e-01
1.250000000000000000e-01
1.250000000000000000e-01
1.250000000000000000e-01
1.250000000000000000e-01
1.250000000000000000e-01
1.250000000000000000e-01
1.250000000000000000e-01
1.250000000000000000e-01
1.250000000000000000e-01
1.250000000000000000e-01
1.250000000000000000e-01
1.250000000000000000e-01
1.250000000000000000e-01
1.250000000000000000e-01
1.250000000000000000e-01
1.250000000000000000e-01
1.250000000000000000e-01
1.250000000000000000e-01
1.250000000000000000e-01
1.250000000000000000e-01
1.250000000000000000e-01
1.250000000000000000e-01
1.250000000000000000e-01
1.250000000000000000e-01
1.250000000000000000e-01
1.250000000000000000e-01
1.250000000000000000e-01
1.250000000000000000e-01
1.250000000000000000e-01
1.250000000000000000e-01
1.250000000000000000e-01
1.250000000000000000e-01
1.250000000000000000e-01
1.250000000000000000e-01
1.250000000000000000e-01
1.250000000000000000e-01
1.250000000000000000e-01
1.250000000000000000e-01
1.250000000000000000e-01
1.250000000000000000e-01
1.250000000000000000e-01
1.250000000000000000e-01
1.250000000000000000e-01
1.250000000000000000e-01
1.250000000000000000e-01
1.250000000000000000e-01
1.250000000000000000e-01
1.250000000000000000e-01
1.250000000000000000e-01
1.250000000000000000e-01
1.250000000000000000e-01
1.250000000000000000e-01
1.250000000000000000e-01
1.250000000000000000e-01
1.250000000000000000e-01
1.250000000000000000e-01
1.250000000000000000e-01
1.250000000000000000e-01
1.250000000000000000e-01
1.250000000000000000e-01
1.250000000000000000e-01
1.250000000000000000e-01
