1.000000000000004441e+00
1.000000000000004441e+00
1.000000000000004441e+00
1.000000000000004441e+00
1.000000000000004441e+00
9.999999999999964473e-01
9.999999999999756861e-01
9.999999999999796829e-01
1.000000000000048850e+00
1.000000000000142553e+00
1.000000000000070610e+00
9.999999999996697087e-01
9.999999999992670308e-01
9.999999999998507860e-01
1.000000000001965317e+00
1.000000000003576028e+00
9.999999999999571454e-01
9.999999999895196057e-01
9.999999999830770925e-01
1.000000000002180256e+00
1.000000000051425531e+00
1.000000000079087847e+00
9.999999999885631485e-01
9.999999997602342372e-01
9.999999996223448706e-01
1.000000000003441025e+00
1.000000001010018735e+00
1.000000001633968960e+00
9.999999999616393520e-01
9.999999944859443435e-01
9.999999885486986484e-01
9.999999895214338741e-01
1.000000002737047033e+00
1.000000002346527861e+00
9.999962306167181625e-01
9.999649170528835951e-01
9.999048724478774020e-01
9.998476363673404199e-01
9.998236747825772763e-01
9.998223301021614828e-01
9.997072976583496473e-01
9.969428915804043889e-01
9.885122106162046451e-01
9.743458279571619585e-01
9.560280387466553176e-01
9.356681322303631587e-01
9.149099824716774298e-01
8.947101552973667493e-01
8.754477070461341714e-01
8.572059526328652534e-01
8.399497947660484742e-01
8.236104724059366555e-01
8.081196828232816154e-01
7.934092633981074671e-01
7.794196849424621654e-01
7.660946004720942115e-01
7.533845501956086821e-01
7.412443958342512795e-01
7.296342150814103533e-01
7.185175640422687415e-01
7.078623669845743871e-01
6.976399456199702254e-01
6.878255003369793119e-01
6.783978529016624348e-01
6.693392100378330323e-01
6.606362768298241761e-01
6.522870453825779791e-01
6.443217921691932748e-01
6.368571638222905174e-01
6.301609040843867415e-01
6.247045861999561689e-01
6.210111028970731750e-01
6.194920716428842233e-01
6.204861241910387681e-01
6.263105926114008737e-01
6.323177940802449104e-01
6.344549960319785242e-01
6.344189434930530558e-01
6.342422525211358630e-01
6.336564901050308896e-01
6.323538309522123146e-01
6.306017168430357867e-01
6.287467605134730020e-01
6.271412917706077339e-01
6.260042124735643032e-01
6.252559541783732078e-01
6.246318422095034073e-01
6.240125785561492222e-01
6.235728303668687245e-01
6.235177238059410598e-01
6.239757505617927746e-01
6.251724643116729485e-01
6.263839765676465499e-01
6.268517743964531208e-01
6.272090026186407652e-01
6.273753054810284890e-01
6.272941061478143343e-01
6.271128416349690538e-01
6.270671492263706348e-01
6.272903244555841917e-01
6.274459430970111828e-01
6.270497569655189007e-01
6.258258767848057236e-01
6.243700363237617568e-01
6.234936027026571903e-01
6.234001950152607829e-01
6.238626703697330855e-01
6.246999180240274674e-01
6.254474187220474546e-01
6.260640520604314752e-01
6.268004032435848805e-01
6.276909277043337676e-01
6.284500463550108940e-01
6.288156145519970819e-01
6.287486269305603281e-01
6.281096649625773631e-01
6.272746994874963677e-01
6.267456582360018125e-01
6.266446348788923260e-01
6.267921020408310229e-01
6.268065626135749246e-01
6.264426339872855021e-01
6.252614489639670703e-01
6.236007486546555345e-01
6.222553925063505353e-01
6.219052936872182524e-01
6.223611726478213146e-01
6.237330153503353181e-01
6.247467219498419322e-01
6.256418463547458453e-01
6.259076204970637214e-01
6.265069940250379554e-01
6.282663806017930730e-01
6.603669811694865555e-01
7.543268561978765385e-01
7.844993645855781184e-01
7.145034845185833650e-01
6.981121205258280504e-01
6.980203699914796500e-01
7.043767730975055708e-01
7.100672715588226547e-01
7.122552143409847103e-01
7.108406065292597331e-01
7.078572124963045109e-01
7.055007814118344767e-01
7.054522678224850463e-01
7.077994331256658445e-01
7.093623207286763321e-01
7.072028184417706864e-01
7.008170656966807854e-01
6.954713713376929896e-01
6.941651117249807434e-01
6.977543828124033176e-01
7.007145597997851416e-01
7.009320860780122731e-01
6.907835025176894961e-01
6.238613585203768297e-01
5.024827935457115702e-01
3.728149188354897836e-01
2.841466420756005862e-01
2.569732622185887938e-01
2.563217912894155681e-01
2.577285687401832392e-01
2.610303717942522028e-01
2.646171711789203074e-01
2.674530989797176961e-01
2.693563860567974033e-01
2.701885064226167144e-01
2.700229864378190237e-01
2.654650746892352475e-01
2.530741731347563306e-01
2.194751377713738683e-01
1.726361344002602938e-01
1.356747003169485599e-01
1.227731481102780769e-01
1.223227871077043061e-01
1.223315039101219998e-01
1.222807258490773569e-01
1.222439842711973007e-01
1.222401245721387864e-01
1.222535264210419248e-01
1.222731576399970904e-01
1.223068879751278565e-01
1.223632458686919472e-01
1.224304955929001182e-01
1.224870524236770092e-01
1.225206133565427263e-01
1.225330281226319901e-01
1.225296531866356259e-01
1.225084760427981173e-01
1.224625718150933740e-01
1.223941862062972730e-01
1.223233002569919514e-01
1.222835836504658630e-01
1.223007163184479523e-01
1.223768098071213589e-01
1.224761331207996212e-01
1.225387096456814207e-01
1.225256246995552328e-01
1.224496242114702094e-01
1.223726997439991832e-01
1.223620469467515404e-01
1.224398459218038193e-01
1.225723561213210577e-01
1.226865242353839675e-01
1.227230329409825377e-01
1.226755499925585441e-01
1.225770711689409126e-01
1.224727258534016178e-01
1.223942552056705713e-01
1.223542284916860068e-01
1.223567145560479630e-01
1.224087688256858125e-01
1.225220782957877758e-01
1.227013671668541195e-01
1.229437608035361396e-01
1.232351942863827710e-01
1.235204886637211036e-01
1.236714474578513023e-01
1.235080526339162460e-01
1.228669668011560662e-01
1.217890808986018814e-01
1.206672829910721972e-01
1.201140997617369949e-01
1.206098956061259775e-01
1.223254946989972697e-01
1.249230074850309347e-01
1.275923486075585811e-01
1.294125678536551804e-01
1.298377006956982216e-01
1.289963791681907612e-01
1.274591363239357678e-01
1.259876133599127090e-01
1.251562594459323108e-01
1.250068758302127769e-01
1.250068349271314105e-01
1.250066393829921130e-01
1.250050985233333301e-01
1.250025909123012868e-01
1.250006137703664200e-01
1.250000111886361565e-01
1.250000066612389216e-01
1.250000107563642437e-01
1.250000069245082168e-01
1.250000031148286728e-01
1.249999998839838172e-01
1.249999987347975433e-01
1.249999991802747262e-01
1.249999999556437313e-01
1.250000003093064693e-01
1.250000002365301288e-01
1.250000000412569146e-01
1.249999999372234522e-01
1.249999999439982412e-01
1.249999999879993218e-01
1.250000000130651601e-01
1.250000000122369892e-01
1.250000000026733615e-01
1.249999999969967912e-01
1.249999999980251492e-01
1.249999999980251492e-01
1.249999999980251492e-01
1.249999999980251492e-01
1.249999999980251492e-01
