1.000000000000000000e+00
1.000000000000000000e+00
1.000000000000000000e+00
1.000000000000000000e+00
1.000000000000000000e+00
1.000000000000000000e+00
1.000000000000000000e+00
1.000000000000000000e+00
1.000000000000000000e+00
1.000000000000000000e+00
1.000000000000000000e+00
1.000000000000000000e+00
1.000000000000000000e+00
1.000000000000000000e+00
1.000000000000000000e+00
1.000000000000000000e+00
1.000000000000000000e+00
1.000000000000000000e+00
1.000000000000000000e+00
1.000000000000000000e+00
1.000000000000000000e+00
1.000000000000000000e+00
1.000000000000000000e+00
1.000000000000000000e+00
1.000000000000000000e+00
1.000000000000000000e+00
1.000000000000000000e+00
1.000000000000000000e+00
1.000000000000000000e+00
1.000000000000000000e+00
1.000000000000000000e+00
1.000000000000000000e+00
1.000000000000000000e+00
1.000000000000000000e+00
1.000000000000000000e+00
1.000000000000000000e+00
1.000000000000000000e+00
1.000000000000000000e+00
1.000000000000000000e+00
1.000000000000000000e+00
1.000000000000000000e+00
1.000000000000000000e+00
1.000000000000000000e+00
1.000000000000000000e+00
1.000000000000000000e+00
1.000000000000000000e+00
1.000000000000000000e+00
1.000000000000000000e+00
1.000000000000000000e+00
1.000000000000000000e+00
1.000000000000000000e+00
1.000000000000000000e+00
1.000000000000000000e+00
1.000000000000000000e+00
1.000000000000000000e+00
1.000000000000000000e+00
1.000000000000000000e+00
1.000000000000000000e+00
1.000000000000000000e+00
1.000000000000000000e+00
1.000000000000000000e+00
1.000000000000000000e+00
1.000000000000000000e+00
1.000000000000000000e+00
1.000000000000000000e+00
1.000000000000000000e+00
1.000000000000000000e+00
1.000000000000000000e+00
1.000000000000000000e+00
1.000000000000000000e+00
1.000000000000000000e+00
1.000000000000000000e+00
1.000000000000000000e+00
1.000000000000000000e+00
1.000000000000000000e+00
1.000000000000000000e+00
1.000000000000000000e+00
1.000000000000000000e+00
1.000000000000000000e+00
1.000000000000000000e+00
1.000000000000000000e+00
1.000000000000000000e+00
1.000000000000000000e+00
1.000000000000000000e+00
1.000000000000000000e+00
1.000000000000000000e+00
1.000000000000000000e+00
1.000000000000000000e+00
1.000000000000000000e+00
1.000000000000000000e+00
1.000000000000000000e+00
1.000000000000000000e+00
9.999999999999987788e-01
9.999999999999965583e-01
1.000000000000003331e+00
1.000000000000021982e+00
9.999999999999837907e-01
9.999999999998367972e-01
1.000000000000019984e+00
1.000000000001065592e+00
1.000000000000562439e+00
9.999999999938379291e-01
9.999999999918359750e-01
1.000000000028685054e+00
1.000000000069651840e+00
9.999999999077773261e-01
9.999999995262283115e-01
9.999999999119368876e-01
1.000000001957288331e+00
1.000000001859220777e+00
9.999999913936424845e-01
9.999999731188393692e-01
9.999999669944592551e-01
9.999999645157696682e-01
9.999812371901993791e-01
9.998556868982776402e-01
9.996917839442436282e-01
9.996526564577111751e-01
9.996426166137146740e-01
9.903070547254919642e-01
9.496420055455404574e-01
8.806279369910301469e-01
8.024269695199858221e-01
7.332871252311226051e-01
6.807976804821715966e-01
6.445069823252548291e-01
6.221011809876402232e-01
6.144312034658616639e-01
6.097993108831902820e-01
6.153905861428561330e-01
6.334052924529065542e-01
6.943819076927114642e-01
7.640847416087849231e-01
7.239824148927415104e-01
5.596339636579071852e-01
3.534477006335168259e-01
2.270747404874129960e-01
1.834624416589291929e-01
1.508804633196890177e-01
1.234122841651981300e-01
1.199955665457385218e-01
1.251742129611918830e-01
1.292307912886592469e-01
1.311564720672181994e-01
1.304512774880647319e-01
1.281268233730210038e-01
1.259645411240722102e-01
1.250603982235470868e-01
1.250152909651431610e-01
1.250145619913594353e-01
1.250095726756945413e-01
1.250026257511941130e-01
1.250000448804707565e-01
1.250000420980254268e-01
1.250000374957694338e-01
1.250000167629953529e-01
1.250000004946147658e-01
1.249999980686392620e-01
1.249999999141776785e-01
1.250000004552434540e-01
1.250000001402049032e-01
1.249999999480296414e-01
1.249999999724306643e-01
1.250000000048928639e-01
1.250000000053800575e-01
1.249999999996094929e-01
1.249999999992574412e-01
1.249999999999694827e-01
1.250000000001193490e-01
1.250000000000034972e-01
1.249999999999865385e-01
1.249999999999980571e-01
1.250000000000019706e-01
1.250000000000001110e-01
1.249999999999997780e-01
1.249999999999999584e-01
1.250000000000000000e-01
1.250000000000000000e-01
1.250000000000000000e-01
1.250000000000000000e-01
1.250000000000000000e-01
1.250000000000000000e-01
1.250000000000000000e-01
1.250000000000000000e-01
1.250000000000000000e-01
1.250000000000000000e-01
1.250000000000000000e-01
1.250000000000000000e-01
1.250000000000000000e-01
1.250000000000000000e-01
1.250000000000000000e-01
1.250000000000000000e-01
1.250000000000000000e-01
1.250000000000000000e-01
1.250000000000000000e-01
1.250000000000000000e-01
1.250000000000000000e-01
1.250000000000000000e-01
1.250000000000000000e-01
1.250000000000000000e-01
1.250000000000000000e-01
1.250000000000000000e-01
1.250000000000000000e-01
1.250000000000000000e-01
1.250000000000000000e-01
1.250000000000000000e-01
1.250000000000000000e-01
1.250000000000000000e-01
1.250000000000000000e-01
1.250000000000000000e-01
1.250000000000000000e-01
1.250000000000000000e-01
1.250000000000000000e-01
1.250000000000000000e-01
1.250000000000000000e-01
1.250000000000000000e-01
1.250000000000000000e-01
1.250000000000000000e-01
1.250000000000000000e-01
1.250000000000000000e-01
1.250000000000000000e-01
1.250000000000000000e-01
1.250000000000000000e-01
1.250000000000000000e-01
1.250000000000000000e-01
1.250000000000000000e-01
1.250000000000000000e-01
1.250000000000000000e-01
1.250000000000000000e-01
1.250000000000000000e-01
1.250000000000000000e-01
1.250000000000000000e-01
1.250000000000000000e-01
1.250000000000000000e-01
1.250000000000000000e-01
1.250000000000000000e-01
1.250000000000000000e-01
1.250000000000000000e-01
1.250000000000000000e-01
1.250000000000000000e-01
1.250000000000000000e-01
1.250000000000000000e-01
1.250000000000000000e-01
1.250000000000000000e-01
1.250000000000000000e-01
1.250000000000000000e-01
1.250000000000000000e-01
1.250000000000000000e-01
1.250000000000000000e-01
1.250000000000000000e-01
1.250000000000000000e-01
1.250000000000000000e-01
1.250000000000000000e-01
1.250000000000000000e-01
1.250000000000000000e-01
1.250000000000000000e-01
1.250000000000000000e-01
1.250000000000000000e-01
1.250000000000000000e-01
1.250000000000000000e-01
1.250000000000000000e-01
1.250000000000000000e-01
1.250000000000000000e-01
1.250000000000000000e-01
