1.000000000000000000e+00
1.000000000000000000e+00
1.000000000000000000e+00
1.000000000000000000e+00
1.000000000000000000e+00
1.000000000000000000e+00
1.000000000000000000e+00
1.000000000000000000e+00
1.000000000000000000e+00
1.000000000000000000e+00
1.000000000000000000e+00
1.000000000000000000e+00
1.000000000000000000e+00
1.000000000000000000e+00
1.000000000000000000e+00
1.000000000000000000e+00
1.000000000000000000e+00
1.000000000000000000e+00
1.000000000000000000e+00
1.000000000000000000e+00
1.000000000000000000e+00
1.000000000000000000e+00
1.000000000000000000e+00
1.000000000000000000e+00
1.000000000000000000e+00
1.000000000000000000e+00
1.000000000000000000e+00
1.000000000000000000e+00
1.000000000000000000e+00
1.000000000000000000e+00
1.000000000000000000e+00
1.000000000000000000e+00
1.000000000000000000e+00
1.000000000000000000e+00
1.000000000000000000e+00
1.000000000000000000e+00
1.000000000000000000e+00
1.000000000000000000e+00
1.000000000000000000e+00
1.000000000000000000e+00
1.000000000000000000e+00
1.000000000000000000e+00
1.000000000000000000e+00
1.000000000000000000e+00
1.000000000000000000e+00
1.000000000000000000e+00
1.000000000000000000e+00
1.000000000000000000e+00
1.000000000000000000e+00
1.000000000000000000e+00
1.000000000000000000e+00
1.000000000000000000e+00
1.000000000000000000e+00
1.000000000000000000e+00
1.000000000000000000e+00
1.000000000000000000e+00
1.000000000000000000e+00
1.000000000000000000e+00
1.000000000000000000e+00
1.000000000000000000e+00
1.000000000000000000e+00
1.000000000000000000e+00
1.000000000000000000e+00
1.000000000000000000e+00
1.000000000000000000e+00
1.000000000000000000e+00
1.000000000000000000e+00
1.000000000000000000e+00
1.000000000000000000e+00
1.000000000000000000e+00
1.000000000000000000e+00
1.000000000000000000e+00
1.000000000000000000e+00
1.000000000000000000e+00
1.000000000000000000e+00
1.000000000000000000e+00
1.000000000000000000e+00
1.000000000000000000e+00
1.000000000000000000e+00
1.000000000000000000e+00
1.000000000000000000e+00
1.000000000000000000e+00
1.000000000000000000e+00
1.000000000000000000e+00
1.000000000000000000e+00
1.000000000000000000e+00
1.000000000000000000e+00
1.000000000000000000e+00
1.000000000000000444e+00
9.999999999999983347e-01
9.999999999999916733e-01
1.000000000000002442e+00
1.000000000000047518e+00
1.000000000000007550e+00
9.999999999997154498e-01
9.999999999997637445e-01
1.000000000001456613e+00
1.000000000002393197e+00
9.999999999939694906e-01
9.999999999822171137e-01
1.000000000014790835e+00
1.000000000102196918e+00
1.000000000027383429e+00
9.999999995392674368e-01
9.999999993332064907e-01
1.000000001136376770e+00
1.000000003601625664e+00
9.999999983119467473e-01
9.999999801339266581e-01
9.999999622808801725e-01
9.999999598536579715e-01
9.999999566491768466e-01
9.999674204528709032e-01
9.998703744553671946e-01
9.997841269562353084e-01
9.997720403920413723e-01
9.996751758869457660e-01
9.880420157162931316e-01
9.474509853650053826e-01
8.826072906758175574e-01
8.110817987944779484e-01
7.472953347062202267e-01
6.964361223056477757e-01
6.579427299207970536e-01
6.306218877559219838e-01
6.169764191904999473e-01
6.148141116080370061e-01
6.208203782590653308e-01
6.219845116046653910e-01
6.248976623948865328e-01
6.409065859346553262e-01
6.870038295238367620e-01
7.588420259239423427e-01
7.363825319258577862e-01
6.451541664289229816e-01
4.761302917072225416e-01
3.075995816143188843e-01
2.176190447682690432e-01
1.872839389483052785e-01
1.513154102601429185e-01
1.227692621466000000e-01
1.201307836291238412e-01
1.211007266164511459e-01
1.239270248726767887e-01
1.278255769235621397e-01
1.305552932445951386e-01
1.308208173479454561e-01
1.289865560034271774e-01
1.266067311328168410e-01
1.252114431373567149e-01
1.250125055138402719e-01
1.250121830847215620e-01
1.250103976376119586e-01
1.250047430171555285e-01
1.250006299583635572e-01
1.250000138559402008e-01
1.250000172583820846e-01
1.250000135354873421e-01
1.250000038614119957e-01
1.249999992293174961e-01
1.249999989746729268e-01
1.249999999379575871e-01
1.250000002495827434e-01
1.250000000887623031e-01
1.249999999695011743e-01
1.249999999748395985e-01
1.250000000010255685e-01
1.250000000051886551e-01
1.250000000007379375e-01
1.249999999991564803e-01
1.249999999997413458e-01
1.250000000001131872e-01
1.250000000000585088e-01
1.249999999999875933e-01
1.249999999999891476e-01
1.250000000000009159e-01
1.250000000000016931e-01
1.249999999999999584e-01
1.249999999999996947e-01
1.249999999999999584e-01
1.250000000000000000e-01
1.250000000000000000e-01
1.250000000000000000e-01
1.250000000000000000e-01
1.250000000000000000e-01
1.250000000000000000e-01
1.250000000000000000e-01
1.250000000000000000e-01
1.250000000000000000e-01
1.250000000000000000e-01
1.250000000000000000e-01
1.250000000000000000e-01
1.250000000000000000e-01
1.250000000000000000e-01
1.250000000000000000e-01
1.250000000000000000e-01
1.250000000000000000e-01
1.250000000000000000e-01
1.250000000000000000e-01
1.250000000000000000e-01
1.250000000000000000e-01
1.250000000000000000e-01
1.250000000000000000e-01
1.250000000000000000e-01
1.250000000000000000e-01
1.250000000000000000e-01
1.250000000000000000e-01
1.250000000000000000e-01
1.250000000000000000e-01
1.250000000000000000e-01
1.250000000000000000e-01
1.250000000000000000e-01
1.250000000000000000e-01
1.250000000000000000e-01
1.250000000000000000e-01
1.250000000000000000e-01
1.250000000000000000e-01
1.250000000000000000e-01
1.250000000000000000e-01
1.250000000000000000e-01
1.250000000000000000e-01
1.250000000000000000e-01
1.250000000000000000e-01
1.250000000000000000e-01
1.250000000000000000e-01
1.250000000000000000e-01
1.250000000000000000e-01
1.250000000000000000e-01
1.250000000000000000e-01
1.250000000000000000e-01
1.250000000000000000e-01
1.250000000000000000e-01
1.250000000000000000e-01
1.250000000000000000e-01
1.250000000000000000e-01
1.250000000000000000e-01
1.250000000000000000e-01
1.250000000000000000e-01
1.250000000000000000e-01
1.250000000000000000e-01
1.250000000000000000e-01
1.250000000000000000e-01
1.250000000000000000e-01
1.250000000000000000e-01
1.250000000000000000e-01
1.250000000000000000e-01
1.250000000000000000e-01
1.250000000000000000e-01
1.250000000000000000e-01
1.250000000000000000e-01
1.250000000000000000e-01
1.250000000000000000e-01
1.250000000000000000e-01
1.250000000000000000e-01
1.250000000000000000e-01
1.250000000000000000e-01
1.250000000000000000e-01
1.250000000000000000e-01
1.250000000000000000e-01
1.250000000000000000e-01
1.250000000000000000e-01
1.250000000000000000e-01
1.250000000000000000e-01
1.250000000000000000e-01
