1.000000000000000000e+00
1.000000000000000000e+00
1.000000000000000000e+00
1.000000000000000000e+00
1.000000000000000000e+00
1.000000000000000000e+00
1.000000000000000000e+00
1.000000000000000000e+00
1.000000000000000000e+00
1.000000000000000000e+00
1.000000000000000000e+00
1.000000000000000000e+00
1.000000000000000000e+00
1.000000000000000000e+00
1.000000000000000000e+00
1.000000000000000000e+00
1.000000000000000000e+00
1.000000000000000000e+00
1.000000000000000000e+00
1.000000000000000000e+00
1.000000000000000000e+00
1.000000000000000000e+00
1.000000000000000000e+00
1.000000000000000000e+00
1.000000000000000000e+00
1.000000000000000000e+00
1.000000000000000000e+00
1.000000000000000000e+00
1.000000000000000000e+00
1.000000000000000000e+00
1.000000000000000000e+00
1.000000000000000000e+00
1.000000000000000000e+00
1.000000000000000000e+00
1.000000000000000000e+00
1.000000000000000000e+00
1.000000000000000000e+00
1.000000000000000000e+00
1.000000000000000000e+00
1.000000000000000000e+00
1.000000000000000000e+00
1.000000000000000000e+00
1.000000000000000000e+00
1.000000000000000000e+00
1.000000000000000000e+00
1.000000000000000000e+00
1.000000000000000000e+00
1.000000000000000000e+00
1.000000000000000000e+00
1.000000000000000000e+00
1.000000000000000000e+00
1.000000000000000000e+00
1.000000000000000000e+00
1.000000000000000000e+00
1.000000000000000000e+00
1.000000000000000000e+00
1.000000000000000000e+00
1.000000000000000000e+00
1.000000000000000000e+00
1.000000000000000000e+00
1.000000000000000000e+00
1.000000000000000000e+00
1.000000000000000000e+00
1.000000000000000000e+00
1.000000000000000000e+00
1.000000000000000000e+00
1.000000000000000000e+00
1.000000000000000000e+00
1.000000000000000000e+00
1.000000000000000000e+00
1.000000000000000000e+00
1.000000000000000000e+00
1.000000000000000000e+00
1.000000000000000000e+00
1.000000000000000000e+00
1.000000000000000000e+00
1.000000000000000000e+00
1.000000000000000000e+00
1.000000000000000000e+00
1.000000000000000000e+00
1.000000000000000000e+00
1.000000000000000000e+00
1.000000000000000000e+00
1.000000000000000000e+00
1.000000000000000444e+00
1.000000000000001332e+00
9.999999999999966693e-01
9.999999999999886757e-01
1.000000000000008438e+00
1.000000000000063949e+00
9.999999999999921174e-01
9.999999999996365130e-01
9.999999999997477573e-01
1.000000000001704192e+00
1.000000000002784439e+00
9.999999999939346296e-01
9.999999999804846107e-01
1.000000000009443557e+00
1.000000000099847242e+00
1.000000000062535754e+00
9.999999996293916782e-01
9.999999992785031377e-01
1.000000000548258106e+00
1.000000003183311836e+00
1.000000001088368062e+00
9.999999872199678563e-01
9.999999687236882373e-01
9.999999642537773514e-01
9.999999628565374721e-01
9.999876764009250074e-01
9.999150725929251138e-01
9.998171375443740683e-01
9.997858728294474195e-01
9.997809042893035514e-01
9.967657063305570553e-01
9.730806623383886356e-01
9.233518117738248598e-01
8.590150148223261173e-01
7.949392695379117191e-01
7.398634273557740393e-01
6.953973546805219952e-01
6.603725059345312287e-01
6.342197740835959774e-01
6.187388990108261266e-01
6.138594590294550457e-01
6.176530722244941707e-01
6.273223152210225528e-01
6.337310842137500178e-01
6.314345414814235280e-01
6.276382883518341060e-01
6.373162150461626485e-01
6.888146167539324072e-01
7.581082684254977222e-01
7.290385668143603004e-01
6.840277800811995768e-01
5.954850986895708909e-01
4.348680883589124968e-01
2.848503494062400998e-01
2.216961451019272000e-01
1.962406883614478958e-01
1.598237506714973166e-01
1.261762929483050966e-01
1.203728147283883859e-01
1.203372344486216133e-01
1.205813983763349834e-01
1.219472335336692220e-01
1.248562063705884601e-01
1.284422614707808330e-01
1.307274820030814855e-01
1.305007078346232530e-01
1.284298737392913781e-01
1.261962107567031477e-01
1.251053863259515009e-01
1.250116187414426205e-01
1.250112892039483004e-01
1.250093663848880210e-01
1.250039764807044651e-01
1.250004539637955825e-01
1.250000141285053934e-01
1.250000152939464981e-01
1.250000116416978835e-01
1.250000035393140918e-01
1.249999992279307859e-01
1.249999989472175277e-01
1.249999998976138449e-01
1.250000002591479809e-01
1.250000001136737648e-01
1.249999999736474271e-01
1.249999999672761902e-01
1.249999999976326714e-01
1.250000000065504269e-01
1.250000000019589885e-01
1.249999999990686617e-01
1.249999999994308719e-01
1.250000000000787981e-01
1.250000000001213196e-01
1.250000000000042466e-01
1.249999999999784339e-01
1.249999999999962252e-01
1.250000000000032752e-01
1.250000000000009992e-01
1.249999999999994726e-01
1.249999999999996808e-01
1.250000000000000000e-01
1.250000000000000000e-01
1.250000000000000000e-01
1.250000000000000000e-01
1.250000000000000000e-01
1.250000000000000000e-01
1.250000000000000000e-01
1.250000000000000000e-01
1.250000000000000000e-01
1.250000000000000000e-01
1.250000000000000000e-01
1.250000000000000000e-01
1.250000000000000000e-01
1.250000000000000000e-01
1.250000000000000000e-01
1.250000000000000000e-01
1.250000000000000000e-01
1.250000000000000000e-01
1.250000000000000000e-01
1.250000000000000000e-01
1.250000000000000000e-01
1.250000000000000000e-01
1.250000000000000000e-01
1.250000000000000000e-01
1.250000000000000000e-01
1.250000000000000000e-01
1.250000000000000000e-01
1.250000000000000000e-01
1.250000000000000000e-01
1.250000000000000000e-01
1.250000000000000000e-01
1.250000000000000000e-01
1.250000000000000000e-01
1.250000000000000000e-01
1.250000000000000000e-01
1.250000000000000000e-01
1.250000000000000000e-01
1.250000000000000000e-01
1.250000000000000000e-01
1.250000000000000000e-01
1.250000000000000000e-01
1.250000000000000000e-01
1.250000000000000000e-01
1.250000000000000000e-01
1.250000000000000000e-01
1.250000000000000000e-01
1.250000000000000000e-01
1.250000000000000000e-01
1.250000000000000000e-01
1.250000000000000000e-01
1.250000000000000000e-01
1.250000000000000000e-01
1.250000000000000000e-01
1.250000000000000000e-01
1.250000000000000000e-01
1.250000000000000000e-01
1.250000000000000000e-01
1.250000000000000000e-01
1.250000000000000000e-01
1.250000000000000000e-01
1.250000000000000000e-01
1.250000000000000000e-01
1.250000000000000000e-01
1.250000000000000000e-01
1.250000000000000000e-01
1.250000000000000000e-01
1.250000000000000000e-01
1.250000000000000000e-01
1.250000000000000000e-01
1.250000000000000000e-01
1.250000000000000000e-01
1.250000000000000000e-01
1.250000000000000000e-01
1.250000000000000000e-01
1.250000000000000000e-01
1.250000000000000000e-01
1.250000000000000000e-01
1.250000000000000000e-01
1.250000000000000000e-01
1.250000000000000000e-01
1.250000000000000000e-01
