1.000000000000000000e+00
1.000000000000000000e+00
1.000000000000000000e+00
1.000000000000000000e+00
1.000000000000000000e+00
1.000000000000000000e+00
1.000000000000000000e+00
1.000000000000000000e+00
1.000000000000000000e+00
1.000000000000000000e+00
1.000000000000000000e+00
1.000000000000000000e+00
1.000000000000000000e+00
1.000000000000000000e+00
1.000000000000000000e+00
1.000000000000000000e+00
1.000000000000000000e+00
1.000000000000000000e+00
1.000000000000000000e+00
1.000000000000000000e+00
1.000000000000000000e+00
1.000000000000000000e+00
1.000000000000000000e+00
1.000000000000000000e+00
1.000000000000000000e+00
1.000000000000000000e+00
1.000000000000000000e+00
1.000000000000000000e+00
1.000000000000000000e+00
1.000000000000000000e+00
1.000000000000000000e+00
1.000000000000000000e+00
1.000000000000000000e+00
1.000000000000000000e+00
1.000000000000000000e+00
1.000000000000000000e+00
1.000000000000000000e+00
1.000000000000000000e+00
1.000000000000000000e+00
1.000000000000000000e+00
1.000000000000000000e+00
1.000000000000000000e+00
1.000000000000000000e+00
1.000000000000000000e+00
1.000000000000000000e+00
1.000000000000000000e+00
1.000000000000000000e+00
1.000000000000000000e+00
1.000000000000000000e+00
1.000000000000000000e+00
1.000000000000000000e+00
1.000000000000000000e+00
1.000000000000000000e+00
1.000000000000000000e+00
1.000000000000000000e+00
1.000000000000000000e+00
1.000000000000000000e+00
1.000000000000000000e+00
1.000000000000000000e+00
1.000000000000000000e+00
1.000000000000000000e+00
1.000000000000000000e+00
1.000000000000000000e+00
1.000000000000000000e+00
1.000000000000000000e+00
1.000000000000000000e+00
1.000000000000000000e+00
1.000000000000000000e+00
1.000000000000000000e+00
1.000000000000000000e+00
1.000000000000000000e+00
1.000000000000000000e+00
1.000000000000000000e+00
1.000000000000000000e+00
1.000000000000000000e+00
1.000000000000000000e+00
1.000000000000000000e+00
1.000000000000000000e+00
1.000000000000000000e+00
1.000000000000000000e+00
1.000000000000000000e+00
1.000000000000000000e+00
1.000000000000000888e+00
9.999999999999995559e-01
9.999999999999946709e-01
9.999999999999931166e-01
1.000000000000019318e+00
1.000000000000047962e+00
9.999999999999285016e-01
9.999999999996808109e-01
1.000000000000088152e+00
1.000000000001723954e+00
1.000000000001229461e+00
9.999999999927637884e-01
9.999999999865246680e-01
1.000000000019088287e+00
1.000000000081550766e+00
1.000000000008310463e+00
9.999999996574553407e-01
9.999999995305512979e-01
1.000000000684075907e+00
1.000000002428576007e+00
9.999999998586434069e-01
9.999999893477300450e-01
9.999999773628397426e-01
9.999999759820323852e-01
9.999999752164401290e-01
9.999782881314448479e-01
9.998720034948007651e-01
9.997405349870659430e-01
9.997022254284768650e-01
9.996965978518206342e-01
9.959081835299981034e-01
9.716952271739850433e-01
9.239145496298899474e-01
8.632270150719869584e-01
8.026309502743445012e-01
7.498622295975534424e-01
7.063118850174769925e-01
6.711287302986898018e-01
6.434631324267590102e-01
6.243049004553833381e-01
6.148133372665852692e-01
6.143231866457403711e-01
6.210820075007364993e-01
6.305199309190294699e-01
6.353830363989554364e-01
6.361312770706802899e-01
6.342304170668205954e-01
6.304888721990787870e-01
6.338344408292894139e-01
6.859789067515125183e-01
7.522392526227715814e-01
7.327193960954897500e-01
6.987909864515450264e-01
6.509872488685927161e-01
5.290560987518927449e-01
3.738371564029631111e-01
2.624601988164658728e-01
2.206354877281504201e-01
1.979364022097649667e-01
1.580166494106261532e-01
1.260928444750597233e-01
1.207478315074488190e-01
1.211052080988001683e-01
1.207932970559785213e-01
1.205041666770308439e-01
1.209770387081921805e-01
1.237723063237626125e-01
1.276489119956822349e-01
1.304149392396364016e-01
1.307381092627388774e-01
1.290465942079681017e-01
1.267523331288472055e-01
1.252900381850944045e-01
1.250130909254314193e-01
1.250128342759120603e-01
1.250115547274678329e-01
1.250062348546788771e-01
1.250013308209276808e-01
1.250000293865145551e-01
1.250000301997294672e-01
1.250000262709204113e-01
1.250000126792508159e-01
1.250000007562618309e-01
1.249999977353454250e-01
1.249999993622135930e-01
1.250000004548265931e-01
1.250000003176961472e-01
1.249999999900843900e-01
1.249999999289003461e-01
1.249999999855988808e-01
1.250000000119118604e-01
1.250000000054779514e-01
1.249999999987510546e-01
1.249999999987032179e-01
1.250000000000135170e-01
1.250000000002402523e-01
1.250000000000353051e-01
1.249999999999616696e-01
1.249999999999887590e-01
1.250000000000048295e-01
1.250000000000023870e-01
1.249999999999992784e-01
1.249999999999995004e-01
1.250000000000000278e-01
1.250000000000000555e-01
1.250000000000000000e-01
1.250000000000000000e-01
1.250000000000000000e-01
1.250000000000000000e-01
1.250000000000000000e-01
1.250000000000000000e-01
1.250000000000000000e-01
1.250000000000000000e-01
1.250000000000000000e-01
1.250000000000000000e-01
1.250000000000000000e-01
1.250000000000000000e-01
1.250000000000000000e-01
1.250000000000000000e-01
1.250000000000000000e-01
1.250000000000000000e-01
1.250000000000000000e-01
1.250000000000000000e-01
1.250000000000000000e-01
1.250000000000000000e-01
1.250000000000000000e-01
1.250000000000000000e-01
1.250000000000000000e-01
1.250000000000000000e-01
1.250000000000000000e-01
1.250000000000000000e-01
1.250000000000000000e-01
1.250000000000000000e-01
1.250000000000000000e-01
1.250000000000000000e-01
1.250000000000000000e-01
1.250000000000000000e-01
1.250000000000000000e-01
1.250000000000000000e-01
1.250000000000000000e-01
1.250000000000000000e-01
1.250000000000000000e-01
1.250000000000000000e-01
1.250000000000000000e-01
1.250000000000000000e-01
1.250000000000000000e-01
1.250000000000000000e-01
1.250000000000000000e-01
1.250000000000000000e-01
1.250000000000000000e-01
1.250000000000000000e-01
1.250000000000000000e-01
1.250000000000000000e-01
1.250000000000000000e-01
1.250000000000000000e-01
1.250000000000000000e-01
1.250000000000000000e-01
1.250000000000000000e-01
1.250000000000000000e-01
1.250000000000000000e-01
1.250000000000000000e-01
1.250000000000000000e-01
1.250000000000000000e-01
1.250000000000000000e-01
1.250000000000000000e-01
1.250000000000000000e-01
1.250000000000000000e-01
1.250000000000000000e-01
1.250000000000000000e-01
1.250000000000000000e-01
1.250000000000000000e-01
1.250000000000000000e-01
1.250000000000000000e-01
1.250000000000000000e-01
1.250000000000000000e-01
1.250000000000000000e-01
1.250000000000000000e-01
1.250000000000000000e-01
1.250000000000000000e-01
1.250000000000000000e-01
1.250000000000000000e-01
1.250000000000000000e-01
