1.000000000000000000e+00
1.000000000000000000e+00
1.000000000000000000e+00
1.000000000000000000e+00
1.000000000000000000e+00
1.000000000000000000e+00
1.000000000000000000e+00
1.000000000000000000e+00
1.000000000000000000e+00
1.000000000000000000e+00
1.000000000000000000e+00
1.000000000000000000e+00
1.000000000000000000e+00
1.000000000000000000e+00
1.000000000000000000e+00
1.000000000000000000e+00
1.000000000000000000e+00
1.000000000000000000e+00
1.000000000000000000e+00
1.000000000000000000e+00
1.000000000000000000e+00
1.000000000000000000e+00
1.000000000000000000e+00
1.000000000000000000e+00
1.000000000000000000e+00
1.000000000000000000e+00
1.000000000000000000e+00
1.000000000000000000e+00
1.000000000000000000e+00
1.000000000000000000e+00
1.000000000000000000e+00
1.000000000000000000e+00
1.000000000000000000e+00
1.000000000000000000e+00
1.000000000000000000e+00
1.000000000000000000e+00
1.000000000000000000e+00
1.000000000000000000e+00
1.000000000000000000e+00
1.000000000000000000e+00
1.000000000000000000e+00
1.000000000000000000e+00
1.000000000000000000e+00
1.000000000000000000e+00
1.000000000000000000e+00
1.000000000000000000e+00
1.000000000000000000e+00
1.000000000000000000e+00
1.000000000000000000e+00
1.000000000000000000e+00
1.000000000000000000e+00
1.000000000000000000e+00
1.000000000000000000e+00
1.000000000000000000e+00
1.000000000000000000e+00
1.000000000000000000e+00
1.000000000000000000e+00
1.000000000000000000e+00
1.000000000000000000e+00
1.000000000000000000e+00
1.000000000000000000e+00
1.000000000000000000e+00
1.000000000000000000e+00
1.000000000000000000e+00
1.000000000000000000e+00
1.000000000000000000e+00
1.000000000000000000e+00
1.000000000000000000e+00
1.000000000000000000e+00
1.000000000000000000e+00
1.000000000000000000e+00
1.000000000000000000e+00
1.000000000000000000e+00
1.000000000000000000e+00
1.000000000000000000e+00
1.000000000000000000e+00
1.000000000000000000e+00
1.000000000000000000e+00
1.000000000000000000e+00
1.000000000000000444e+00
1.000000000000000888e+00
9.999999999999977796e-01
9.999999999999908962e-01
1.000000000000001776e+00
1.000000000000045519e+00
1.000000000000022649e+00
9.999999999997815081e-01
9.999999999996732614e-01
1.000000000000758948e+00
1.000000000002353673e+00
9.999999999988485877e-01
9.999999999878523838e-01
9.999999999916997506e-01
1.000000000043622661e+00
1.000000000085867757e+00
9.999999999213967650e-01
9.999999995478706660e-01
9.999999997032191779e-01
1.000000001224732316e+00
1.000000002383614195e+00
9.999999978358010688e-01
9.999999868784725798e-01
9.999999782074157073e-01
9.999999774640920824e-01
9.999999755023266657e-01
9.999661435411284494e-01
9.998535390259221112e-01
9.997374907409352085e-01
9.997122530815680808e-01
9.997084073783543134e-01
9.948264931386758825e-01
9.698255326073316196e-01
9.236532589688974948e-01
8.662898617860833594e-01
8.093628765478744214e-01
7.592443335973900753e-01
7.172317693611202083e-01
6.824159160402505364e-01
6.539405382067577932e-01
6.322449924789335096e-01
6.186713642271619573e-01
6.140251609257041387e-01
6.165423984572641070e-01
6.255538932343195357e-01
6.326413844960323551e-01
6.351563176363439478e-01
6.363287311505945176e-01
6.366394088581248667e-01
6.341159296978605697e-01
6.287029003785076231e-01
6.312787659933928319e-01
6.852684919738549763e-01
7.506622886754408253e-01
7.299387412483623327e-01
6.997107714559426261e-01
6.837073707748974050e-01
6.124129595199153675e-01
4.704176081377648977e-01
3.242294571351967414e-01
2.431068516477312424e-01
2.239933522023290213e-01
1.989416170720097465e-01
1.548952266614223583e-01
1.251472947085023601e-01
1.218618520801481309e-01
1.225202245692717795e-01
1.221093783647489578e-01
1.210159187004554160e-01
1.201780570870374515e-01
1.204801741780777147e-01
1.228617668128004631e-01
1.265872938776617662e-01
1.297841782131598232e-01
1.308396528421907345e-01
1.296659643747232749e-01
1.274263146402400682e-01
1.256262566595842955e-01
1.250209073958971906e-01
1.250124229285864141e-01
1.250119747506419077e-01
1.250081633882330900e-01
1.250028325637837223e-01
1.250001716890174197e-01
1.250000281925183476e-01
1.250000263752048535e-01
1.250000182191750020e-01
1.250000049282900538e-01
1.249999982295221662e-01
1.249999983906556200e-01
1.250000000637045139e-01
1.250000004798609843e-01
1.250000001495997770e-01
1.249999999323316568e-01
1.249999999478342283e-01
1.250000000020485280e-01
1.250000000120063681e-01
1.250000000023793745e-01
1.249999999980254822e-01
1.249999999991150690e-01
1.250000000002168266e-01
1.250000000002123579e-01
1.249999999999952954e-01
1.249999999999597128e-01
1.249999999999942268e-01
1.250000000000063560e-01
1.250000000000018041e-01
1.249999999999990286e-01
1.249999999999995698e-01
1.250000000000000833e-01
1.250000000000000555e-01
1.250000000000000000e-01
1.250000000000000000e-01
1.250000000000000000e-01
1.250000000000000000e-01
1.250000000000000000e-01
1.250000000000000000e-01
1.250000000000000000e-01
1.250000000000000000e-01
1.250000000000000000e-01
1.250000000000000000e-01
1.250000000000000000e-01
1.250000000000000000e-01
1.250000000000000000e-01
1.250000000000000000e-01
1.250000000000000000e-01
1.250000000000000000e-01
1.250000000000000000e-01
1.250000000000000000e-01
1.250000000000000000e-01
1.250000000000000000e-01
1.250000000000000000e-01
1.250000000000000000e-01
1.250000000000000000e-01
1.250000000000000000e-01
1.250000000000000000e-01
1.250000000000000000e-01
1.250000000000000000e-01
1.250000000000000000e-01
1.250000000000000000e-01
1.250000000000000000e-01
1.250000000000000000e-01
1.250000000000000000e-01
1.250000000000000000e-01
1.250000000000000000e-01
1.250000000000000000e-01
1.250000000000000000e-01
1.250000000000000000e-01
1.250000000000000000e-01
1.250000000000000000e-01
1.250000000000000000e-01
1.250000000000000000e-01
1.250000000000000000e-01
1.250000000000000000e-01
1.250000000000000000e-01
1.250000000000000000e-01
1.250000000000000000e-01
1.250000000000000000e-01
1.250000000000000000e-01
1.250000000000000000e-01
1.250000000000000000e-01
1.250000000000000000e-01
1.250000000000000000e-01
1.250000000000000000e-01
1.250000000000000000e-01
1.250000000000000000e-01
1.250000000000000000e-01
1.250000000000000000e-01
1.250000000000000000e-01
1.250000000000000000e-01
1.250000000000000000e-01
1.250000000000000000e-01
1.250000000000000000e-01
1.250000000000000000e-01
1.250000000000000000e-01
1.250000000000000000e-01
1.250000000000000000e-01
1.250000000000000000e-01
1.250000000000000000e-01
1.250000000000000000e-01
1.250000000000000000e-01
1.250000000000000000e-01
1.250000000000000000e-01
1.250000000000000000e-01
1.250000000000000000e-01
